6
363106     0.0000000 0.0219635 0.0087084 0.0043415 0.0131008 0.0087465 
503947     0.0219635 0.0000000 0.0219635 0.0175190 0.0264345 0.0220604 
364589     0.0087084 0.0219635 0.0000000 0.0043415 0.0131008 0.0087465 
22385      0.0043415 0.0175190 0.0043415 0.0000000 0.0087084 0.0043605 
903836     0.0131008 0.0264345 0.0131008 0.0087084 0.0000000 0.0131582 
36733      0.0087465 0.0220604 0.0087465 0.0043605 0.0131582 0.0000000 
