SH0019	109283	0	0.6757238033833779	0.6071889103803997	0.22189430336307492	0.2656002484857897	0.33049645390070925	0.21317476539998143	0.22189430336307484	0.2875139977603583	0.19858809687224235	0.0818600570300504	0.9214944885926685	0.8531914893617022	1.0	0.8936170212765956	0.684065364356518	0.2199208180238686	0.7763157894736842	0.7668393057110863	0.24684228301249592	0.7743062858991991
SH0029	109293	0.6757238033833779	0	0.3033910533910534	0.5764185635153377	0.5593947820225191	0.5584415584415585	0.5797148024222262	0.6054508215798539	0.5919533682691577	0.6234231718102685	0.6278097618303805	0.9427710843373494	0.8037383177570094	1.0	0.832199546485261	0.1364395838080049	0.6099375858412003	0.6161616161616161	0.6340804663173087	0.5702741702741703	0.6139120701858345
SH0065	109330	0.6071889103803997	0.3033910533910534	0	0.45420332355816206	0.43192877681928765	0.4015151515151515	0.4466388778615853	0.4832355816226784	0.44278309409888345	0.47425289763999434	0.5595907528897219	0.8480741146403797	0.8037383177570093	1.0	0.832199546485261	0.25119617224880386	0.4845138128270658	0.6323763955342903	0.6356658692185008	0.4364357864357863	0.6431328494066137
SH0113	109377	0.22189430336307492	0.5764185635153377	0.45420332355816206	0	0.06783611961384504	0.12591397849462366	0.048471615720523976	0.04838709677419348	0.09405772495755509	0.10599078341013826	0.18280678417026944	0.8750291488534785	0.8037383177570093	1.0	0.8321995464852608	0.5775451172734705	0.07626203739689942	0.7763157894736844	0.7796052631578947	0.0590373783922171	0.7870722433460078
SH0116	109380	0.2656002484857897	0.5593947820225191	0.43192877681928765	0.06783611961384504	0	0.08727493917274944	0.06867370031555803	0.0833765010595715	0.0743757203227045	0.1556729119714757	0.23715102716532474	0.8697783836074224	0.8037383177570093	1.0	0.8321995464852607	0.560521335780652	0.12263164580462972	0.7763157894736842	0.7796052631578948	0.08654848800834201	0.7870722433460074
SH0117	109381	0.33049645390070925	0.5584415584415585	0.4015151515151515	0.12591397849462366	0.08727493917274944	0	0.11732168850072787	0.1376344086021506	0.12333333333333343	0.20674347158218134	0.29140893470790385	0.8627710843373494	0.8037383177570093	1.0	0.8321995464852607	0.5371150097465887	0.1793708165997323	0.7763157894736842	0.7796052631578948	0.1376190476190476	0.7870722433460076
SH0118	109382	0.21317476539998143	0.5797148024222262	0.4466388778615853	0.048471615720523976	0.06867370031555803	0.11732168850072787	0	0.06775602197492607	0.08657779820730864	0.12402149196063829	0.17408724620717597	0.8641684642500131	0.8037383177570093	1.0	0.8321995464852607	0.5808413561803588	0.1019448974939057	0.7763157894736843	0.7796052631578948	0.07703611284397305	0.7870722433460076
SH0119	109383	0.22189430336307484	0.6054508215798539	0.4832355816226784	0.04838709677419348	0.0833765010595715	0.1376344086021506	0.06775602197492607	0	0.09465195246179962	0.11244239631336403	0.18280678417026935	0.8589001165954141	0.8	1.0	0.8160705142271965	0.6065773753379865	0.07735889795742101	0.7763157894736843	0.7796052631578948	0.09119303635432659	0.7870722433460078
SH0120	109384	0.2875139977603583	0.5919533682691577	0.44278309409888345	0.09405772495755509	0.0743757203227045	0.12333333333333343	0.08657779820730864	0.09465195246179962	0	0.12478777589134124	0.24842647856755284	0.80856055802156	0.8037383177570095	1.0	0.832199546485261	0.5930799220272905	0.1247445924047065	0.7763157894736843	0.7796052631578948	0.11666666666666659	0.7870722433460077
SH0125	109389	0.19858809687224235	0.6234231718102685	0.47425289763999434	0.10599078341013826	0.1556729119714757	0.20674347158218134	0.12402149196063829	0.11244239631336403	0.12478777589134124	0	0.1473229132025274	0.8367803009272115	0.8341013824884792	1.0	0.8341013824884794	0.6245497255684014	0.08029043979296607	0.7763157894736843	0.7796052631578947	0.11612903225806458	0.7870722433460076
SH0126	109390	0.0818600570300504	0.6278097618303805	0.5595907528897219	0.18280678417026944	0.23715102716532474	0.29140893470790385	0.17408724620717597	0.18280678417026935	0.24842647856755284	0.1473229132025274	0	0.9290253798699956	0.8075601374570446	1.0	0.838487972508591	0.6289363155885133	0.18618805117376727	0.7763157894736843	0.7796052631578948	0.2183930616920308	0.7870722433460077
SH0129	109393	0.9214944885926685	0.9427710843373494	0.8480741146403797	0.8750291488534785	0.8697783836074224	0.8627710843373494	0.8641684642500131	0.8589001165954141	0.80856055802156	0.8367803009272115	0.9290253798699956	0	0.608433734939759	1.0	0.677301040898287	0.9359484722515795	0.8664658634538153	1.0	1.0	0.8634060049722698	0.9771863117870724
SH0130	109394	0.8531914893617022	0.8037383177570094	0.8037383177570093	0.8037383177570093	0.8037383177570093	0.8037383177570093	0.8037383177570093	0.8	0.8037383177570095	0.8341013824884792	0.8075601374570446	0.608433734939759	0	1.0	0.22491364146904871	0.8037383177570093	0.8152610441767069	1.0	1.0	0.8037383177570092	0.9771863117870722
SH0131	109395	1.0	1.0	1.0	1.0	1.0	1.0	1.0	1.0	1.0	1.0	1.0	1.0	1.0	0	1.0	1.0	1.0	1.0	1.0	1.0	1.0
SH0137	109401	0.8936170212765956	0.832199546485261	0.832199546485261	0.8321995464852608	0.8321995464852607	0.8321995464852607	0.8321995464852607	0.8160705142271965	0.832199546485261	0.8341013824884794	0.838487972508591	0.677301040898287	0.22491364146904871	1.0	0	0.8321995464852607	0.8268447941425564	1.0	1.0	0.8321995464852607	0.9771863117870722
SH0145	109409	0.684065364356518	0.1364395838080049	0.25119617224880386	0.5775451172734705	0.560521335780652	0.5371150097465887	0.5808413561803588	0.6065773753379865	0.5930799220272905	0.6245497255684014	0.6289363155885133	0.9359484722515795	0.8037383177570093	1.0	0.8321995464852607	0	0.6110641395993329	0.6695906432748538	0.6695906432748537	0.5714007240323029	0.6593919314551695
SH0146	109410	0.2199208180238686	0.6099375858412003	0.4845138128270658	0.07626203739689942	0.12263164580462972	0.1793708165997323	0.1019448974939057	0.07735889795742101	0.1247445924047065	0.08029043979296607	0.18618805117376727	0.8664658634538153	0.8152610441767069	1.0	0.8268447941425564	0.6110641395993329	0	0.7763157894736842	0.7796052631578948	0.07905909351692486	0.7870722433460076
SH0156	109420	0.7763157894736842	0.6161616161616161	0.6323763955342903	0.7763157894736844	0.7763157894736842	0.7763157894736842	0.7763157894736843	0.7763157894736843	0.7763157894736843	0.7763157894736843	0.7763157894736843	1.0	1.0	1.0	1.0	0.6695906432748538	0.7763157894736842	0	0.1557017543859649	0.7763157894736842	0.17530518310986593
SH0158	109422	0.7668393057110863	0.6340804663173087	0.6356658692185008	0.7796052631578947	0.7796052631578948	0.7796052631578948	0.7796052631578948	0.7796052631578948	0.7796052631578948	0.7796052631578947	0.7796052631578948	1.0	1.0	1.0	1.0	0.6695906432748537	0.7796052631578948	0.1557017543859649	0	0.7796052631578949	0.16893886331799082
SH0164	109428	0.24684228301249592	0.5702741702741703	0.4364357864357863	0.0590373783922171	0.08654848800834201	0.1376190476190476	0.07703611284397305	0.09119303635432659	0.11666666666666659	0.11612903225806458	0.2183930616920308	0.8634060049722698	0.8037383177570092	1.0	0.8321995464852607	0.5714007240323029	0.07905909351692486	0.7763157894736842	0.7796052631578949	0	0.7870722433460073
SH0166	109430	0.7743062858991991	0.6139120701858345	0.6431328494066137	0.7870722433460078	0.7870722433460074	0.7870722433460076	0.7870722433460076	0.7870722433460078	0.7870722433460077	0.7870722433460076	0.7870722433460077	0.9771863117870724	0.9771863117870722	1.0	0.9771863117870722	0.6593919314551695	0.7870722433460076	0.17530518310986593	0.16893886331799082	0.7870722433460073	0
