SH0019	109283	0.0	0.0014136629543048246	0.0016160865290762879	0.00189476820932577	0.0013131173024944624	0.0014777694561238278	0.0017372945535630508	0.0012801023931919516	0.0011630820328031213	0.0013567182862468498	0.005337318823078955	0.004551794219699344	0.0054045350996794524	0.003480157559893958	0.004479035307978033	0.0005019889075125769	0.009431963456813016	0.007642504604597879	0.007651612152702879	0.005496706791132401	0.013697129080822329
SH0113	109377	0.0014136629543048246	0.0	0.000392035060410096	0.0007379016831715817	0.00010083050878175634	0.00037695483652730547	0.0004273901099685266	0.0004551871345658466	0.0004002140051145045	0.00046666921513984936	0.005155315393228864	0.004300870312794299	0.005710203526816094	0.0030712593049068153	0.004102915326136287	0.0010486408168733747	0.009023322626749682	0.007559361263403933	0.007243689302695203	0.005412797777131251	0.014300193236574542
SH0116	109380	0.0016160865290762879	0.000392035060410096	0.0	0.0005799522551776939	0.000388896362443289	0.0004576417269837209	0.0002906538806085107	0.0007004638924673964	0.0006883900880287083	0.0005116384549474737	0.005316409697688408	0.004395917401730865	0.005871297831275638	0.0031662750562902278	0.004197962415072852	0.0013369460934670179	0.009118509504384358	0.007654641534764878	0.0073389437688951165	0.005573892081590795	0.01458761823938108
SH0117	109381	0.00189476820932577	0.0007379016831715817	0.0005799522551776939	0.0	0.000734702372865127	0.0008034931714448432	0.0005075790755426629	0.0009579287246087313	0.0010342000104784498	0.0006948909651973529	0.005392498178593578	0.004454924673642748	0.005848983228692051	0.0033827740211642664	0.004398254126548477	0.0016827975379281397	0.009335208868027352	0.007871397598719614	0.007555699832849854	0.005706801697556484	0.014932759964828062
SH0118	109382	0.0013131173024944624	0.00010083050878175634	0.000388896362443289	0.000734702372865127	0.0	0.0003311733447089419	0.0004242018165098348	0.00035468585845071566	0.000315431386491836	0.00040888652356549653	0.005082166109772173	0.0042430498857488905	0.005637054243359403	0.0030133734647787894	0.004045094899090877	0.0009480951650630128	0.008965449989262185	0.007501630312191073	0.007185929687812227	0.00533964849367456	0.014199752979723172
SH0119	109383	0.0014777694561238278	0.00037695483652730547	0.0004576417269837209	0.0008034931714448432	0.0003311733447089419	0.0	0.0004929680496483042	0.0005195049118950445	0.0006462784659477273	0.0007398388601108246	0.00511558830501122	0.004574033392490239	0.00567047643859845	0.0033444223846027547	0.004376078405832226	0.001112764325495099	0.009062945737813001	0.0077028534034010885	0.00738705452011869	0.0053730706889136065	0.014364652329953218
SH0120	109384	0.0017372945535630508	0.0004273901099685266	0.0002906538806085107	0.0005075790755426629	0.0004242018165098348	0.0004929680496483042	0.0	0.0007359768291504762	0.000723315688805101	0.0006489105675450408	0.0053619855750125026	0.0042111352963800745	0.005916873708599734	0.0029812266881962205	0.004013180309722061	0.0013722724161316009	0.0089334895538531	0.007470164430389117	0.007154466664519356	0.0056194679589148915	0.014622479224866073
SH0146	109410	0.0012801023931919516	0.0004551871345658466	0.0007004638924673964	0.0009579287246087313	0.00035468585845071566	0.0005195049118950445	0.0007359768291504762	0.0	0.0004294576700745617	0.00047341694642109736	0.005213604586671348	0.004376388478526535	0.005718483858541549	0.0032249490769303236	0.00424040931443702	0.0010362381894807337	0.009134204586697163	0.007670446324223305	0.007354670803267964	0.005499290502132671	0.014288101268403818
SH0125	109389	0.0011630820328031213	0.0004002140051145045	0.0006883900880287083	0.0010342000104784498	0.000315431386491836	0.0006462784659477273	0.000723315688805101	0.0004294576700745617	0.0	0.0005926298913874426	0.005164884974649641	0.004077523318411687	0.005719773108236872	0.002847658320188075	0.003879557920105272	0.0007980284828066452	0.008799636435073584	0.007336166927237867	0.007020412344322992	0.005422367358552029	0.014049990161404562
SH0164	109428	0.0013567182862468498	0.00046666921513984936	0.0005116384549474737	0.0006948909651973529	0.00040888652356549653	0.0007398388601108246	0.0006489105675450408	0.00047341694642109736	0.0005926298913874426	0.0	0.005367867077397445	0.004181398066983491	0.0058324650883441725	0.003122359858171168	0.004137835857531176	0.0012412947586195942	0.009074592105164748	0.007610775361158073	0.007295052382682011	0.005690283557208605	0.01449234337821049
SH0166	109430	0.005337318823078955	0.005155315393228864	0.005316409697688408	0.005392498178593578	0.005082166109772173	0.00511558830501122	0.0053619855750125026	0.005213604586671348	0.005164884974649641	0.005367867077397445	0.0	0.007307631711010355	0.0017126153066051942	0.006435138958718006	0.007346873668042703	0.005023372512132296	0.013552059963076004	0.012088899663178955	0.0117729964356707	0.001516638141806559	0.018272455752204275
SH0029	109293	0.004551794219699344	0.004300870312794299	0.004395917401730865	0.004454924673642748	0.0042430498857488905	0.004574033392490239	0.0042111352963800745	0.004376388478526535	0.004077523318411687	0.004181398066983491	0.007307631711010355	0.0	0.008030539528874437	0.0031034379386518365	0.0013058412498488858	0.004207764692051376	0.011227334359661998	0.00976324367868684	0.009447527907415458	0.007626037329204603	0.01745147160025151
SH0158	109422	0.0054045350996794524	0.005710203526816094	0.005871297831275638	0.005848983228692051	0.005637054243359403	0.00567047643859845	0.005916873708599734	0.005718483858541549	0.005719773108236872	0.0058324650883441725	0.0017126153066051942	0.008030539528874437	0.0	0.006990009318508864	0.007971701318726826	0.005431191196420015	0.01410699082918284	0.012643611122693427	0.012327648477359825	0.0012608109620910453	0.018212884524703737
SH0065	109330	0.003480157559893958	0.0030712593049068153	0.0031662750562902278	0.0033827740211642664	0.0030133734647787894	0.0033444223846027547	0.0029812266881962205	0.0032249490769303236	0.002847658320188075	0.003122359858171168	0.006435138958718006	0.0031034379386518365	0.006990009318508864	0.0	0.0023249844830127843	0.002978402911558146	0.008399403131475204	0.006936083494016353	0.006620367722744972	0.006691998066072647	0.016221844323569427
SH0145	109409	0.004479035307978033	0.004102915326136287	0.004197962415072852	0.004398254126548477	0.004045094899090877	0.004376078405832226	0.004013180309722061	0.00424040931443702	0.003879557920105272	0.004137835857531176	0.007346873668042703	0.0013058412498488858	0.007971701318726826	0.0023249844830127843	0.0	0.004009806421286018	0.010449077820810108	0.008985071538177106	0.008669344151806093	0.007636300852321393	0.017252827947053646
SH0126	109390	0.0005019889075125769	0.0010486408168733747	0.0013369460934670179	0.0016827975379281397	0.0009480951650630128	0.001112764325495099	0.0013722724161316009	0.0010362381894807337	0.0007980284828066452	0.0012412947586195942	0.005023372512132296	0.004207764692051376	0.005431191196420015	0.002978402911558146	0.004009806421286018	0.0	0.008930280972729982	0.007217133800654089	0.007149742236335468	0.0051338741013445335	0.013502803013739975
SH0129	109393	0.009431963456813016	0.009023322626749682	0.009118509504384358	0.009335208868027352	0.008965449989262185	0.009062945737813001	0.0089334895538531	0.009134204586697163	0.008799636435073584	0.009074592105164748	0.013552059963076004	0.011227334359661998	0.01410699082918284	0.008399403131475204	0.010449077820810108	0.008930280972729982	0.0	0.004314535205953464	0.004602912623598005	0.013808986180048274	0.022168782246772965
SH0130	109394	0.007642504604597879	0.007559361263403933	0.007654641534764878	0.007871397598719614	0.007501630312191073	0.0077028534034010885	0.007470164430389117	0.007670446324223305	0.007336166927237867	0.007610775361158073	0.012088899663178955	0.00976324367868684	0.012643611122693427	0.006936083494016353	0.008985071538177106	0.007217133800654089	0.004314535205953464	0.0	0.0013707131066319894	0.012345709682170268	0.020702426125736334
SH0137	109401	0.007651612152702879	0.007243689302695203	0.0073389437688951165	0.007555699832849854	0.007185929687812227	0.00738705452011869	0.007154466664519356	0.007354670803267964	0.007020412344322992	0.007295052382682011	0.0117729964356707	0.009447527907415458	0.012327648477359825	0.006620367722744972	0.008669344151806093	0.007149742236335468	0.004602912623598005	0.0013707131066319894	0.0	0.012029797451961203	0.02038649949120597
SH0156	109420	0.005496706791132401	0.005412797777131251	0.005573892081590795	0.005706801697556484	0.00533964849367456	0.0053730706889136065	0.0056194679589148915	0.005499290502132671	0.005422367358552029	0.005690283557208605	0.001516638141806559	0.007626037329204603	0.0012608109620910453	0.006691998066072647	0.007636300852321393	0.0051338741013445335	0.013808986180048274	0.012345709682170268	0.012029797451961203	0.0	0.01831216402668473
SH0131	109395	0.013697129080822329	0.014300193236574542	0.01458761823938108	0.014932759964828062	0.014199752979723172	0.014364652329953218	0.014622479224866073	0.014288101268403818	0.014049990161404562	0.01449234337821049	0.018272455752204275	0.01745147160025151	0.018212884524703737	0.016221844323569427	0.017252827947053646	0.013502803013739975	0.022168782246772965	0.020702426125736334	0.02038649949120597	0.01831216402668473	0.0
