SH0019	109283	0.0	0.002726988740309139	0.002594878971238318	0.0026013351941026894	0.0023322170902227357	0.002842518533134013	0.0029322021137168437	0.0025669185325828078	0.002618658447473104	0.002469775981564226	0.006449957275040403	0.006808585791267217	0.007178756779800961	0.0045877571174653955	0.007419471552257011	0.0016924496860127834	0.011452917329545632	0.008497623408048325	0.008559134224664864	0.007251431054495071	0.015669751420302313
SH0113	109377	0.002726988740309139	0.0	0.0007533457058920788	0.0013469647981284932	0.0003951571347463611	0.0008303473437375888	0.0006507863182684856	0.0016043136904687243	0.0008841233743672962	0.001362165935688906	0.006282125798053716	0.0071952965920985806	0.007101456178823972	0.003691586081309447	0.006687246984733598	0.0017391143183536706	0.010557674896757093	0.008266352613283177	0.007663867718911516	0.006719090745474864	0.015828954988385532
SH0116	109380	0.002594878971238318	0.0007533457058920788	0.0	0.001480032693157947	0.0006060954695019431	0.000982822244778216	0.0008806951813016083	0.001574341769716754	0.0011917219929278783	0.0012377007090266343	0.006453750457557184	0.0074055045593629494	0.007273093469115196	0.003998750502322325	0.006994374665433506	0.0019502494755043594	0.010864752713269123	0.008573648970131038	0.007971069330666967	0.006890685734680404	0.016039312387248077
SH0117	109381	0.0026013351941026894	0.0013469647981284932	0.001480032693157947	0.0	0.000969575068999299	0.0014044075728132934	0.0013969725152534964	0.0016598141300212602	0.0017853547955586674	0.0012388018280324797	0.006369585989396971	0.007031207569339486	0.006916001352059275	0.004592452300561761	0.00750647405077513	0.002363132388551914	0.011458419326042957	0.00916732278506552	0.008564743145601447	0.006988620121706512	0.016275264949946886
SH0118	109382	0.0023322170902227357	0.0003951571347463611	0.0006060954695019431	0.000969575068999299	0.0	0.0005109507253201283	0.0006000896443277311	0.0013516359221433399	0.0008160821235009398	0.0012941854385208052	0.005896275461126504	0.006801025787695199	0.006715626850300121	0.003623606290396158	0.006619321807264007	0.0013937316756409547	0.01048975301602528	0.008198652376880229	0.0075960566603441365	0.00633324040854765	0.015434871605128004
SH0119	109383	0.002842518533134013	0.0008303473437375888	0.000982822244778216	0.0014044075728132934	0.0005109507253201283	0.0	0.000977037227330932	0.0015649326769919163	0.0012686405071565677	0.001746742877014086	0.006368157467404686	0.0073111726019676635	0.007187466796968788	0.004076194445408163	0.007071755700571329	0.0018548676829950967	0.010054796406172566	0.008182380287960932	0.007579775880382152	0.006805092159938207	0.015944917147254857
SH0120	109384	0.0029322021137168437	0.0006507863182684856	0.0008806951813016083	0.0013969725152534964	0.0006000896443277311	0.000977037227330932	0.0	0.0015698151287056668	0.0008645308959088317	0.0015601886031833493	0.006409264545566686	0.007399598847952545	0.007228685701970788	0.0036343377855042013	0.006630212766157564	0.0019444171154379191	0.010501260221417438	0.008210159582272388	0.0076075638657362955	0.00684613683011674	0.01603320140667862
SH0146	109410	0.0025669185325828078	0.0016043136904687243	0.001574341769716754	0.0016598141300212602	0.0013516359221433399	0.0015649326769919163	0.0015698151287056668	0.0	0.0011812700959564282	0.0013943830615655373	0.006863883939265094	0.007275414624086906	0.007431682301074366	0.004349808965951279	0.0072637681294185725	0.0022134463119581164	0.010976849552041687	0.008685750397275857	0.008083122696829701	0.007442700546772096	0.016302825291742318
SH0125	109389	0.002618658447473104	0.0008841233743672962	0.0011917219929278783	0.0017853547955586674	0.0008160821235009398	0.0012686405071565677	0.0008645308959088317	0.0011812700959564282	0.0	0.0015689717620137986	0.006447045850030691	0.007086478204356898	0.00726640806286537	0.0033586739097884745	0.006354512602484622	0.001630704005972664	0.010225537141205667	0.0079344463050015	0.007331840785524525	0.006883945106742022	0.015720099392919778
SH0164	109428	0.002469775981564226	0.001362165935688906	0.0012377007090266343	0.0012388018280324797	0.0012941854385208052	0.001746742877014086	0.0015601886031833493	0.0013943830615655373	0.0015689717620137986	0.0	0.006903646377721689	0.007229415434706768	0.007450097569886236	0.004375771935095954	0.007289815887307592	0.002431034240198605	0.01124211891014951	0.00895101827100446	0.008348316311971369	0.007522680184080796	0.016520018479109555
SH0166	109430	0.006449957275040403	0.006282125798053716	0.006453750457557184	0.006369585989396971	0.005896275461126504	0.006368157467404686	0.006409264545566686	0.006863883939265094	0.006447045850030691	0.006903646377721689	0.0	0.009899447164256342	0.0019307438102603462	0.0072777923218815405	0.010104276698144272	0.0063015330698494194	0.015394502693045828	0.013104121724506722	0.012501600633839784	0.0018460001114356818	0.01905694346345212
SH0029	109293	0.006808585791267217	0.0071952965920985806	0.0074055045593629494	0.007031207569339486	0.006801025787695199	0.0073111726019676635	0.007399598847952545	0.007275414624086906	0.007086478204356898	0.007229415434706768	0.009899447164256342	0.0	0.010660083300432065	0.005597467310565463	0.0036116887401025383	0.006218042137438809	0.01530946391267309	0.013017772598879119	0.012415061548643275	0.010448196825030778	0.019886700845305555
SH0158	109422	0.007178756779800961	0.007101456178823972	0.007273093469115196	0.006916001352059275	0.006715626850300121	0.007187466796968788	0.007228685701970788	0.007431682301074366	0.00726640806286537	0.007450097569886236	0.0019307438102603462	0.010660083300432065	0.0	0.008306317099719887	0.01121968864646944	0.007120842399413519	0.016213809304892864	0.013923523793628123	0.013321002702961184	0.0017718689552931887	0.01924272908592032
SH0065	109330	0.0045877571174653955	0.003691586081309447	0.003998750502322325	0.004592452300561761	0.003623606290396158	0.004076194445408163	0.0036343377855042013	0.004349808965951279	0.0033586739097884745	0.004375771935095954	0.0072777923218815405	0.005597467310565463	0.008306317099719887	0.0	0.004575578086439944	0.0029917492212675105	0.010319710204811098	0.008028607914495276	0.007425925563305322	0.007714632905157341	0.017076007995083988
SH0145	109409	0.007419471552257011	0.006687246984733598	0.006994374665433506	0.00750647405077513	0.006619321807264007	0.007071755700571329	0.006630212766157564	0.0072637681294185725	0.006354512602484622	0.007289815887307592	0.010104276698144272	0.0036116887401025383	0.01121968864646944	0.004575578086439944	0.0	0.005987109473949095	0.014288581987830475	0.011997087576235693	0.011394313611457853	0.010550281062613829	0.020071106628134657
SH0126	109390	0.0016924496860127834	0.0017391143183536706	0.0019502494755043594	0.002363132388551914	0.0013937316756409547	0.0018548676829950967	0.0019444171154379191	0.0022134463119581164	0.001630704005972664	0.002431034240198605	0.0063015330698494194	0.006218042137438809	0.007120842399413519	0.0029917492212675105	0.005987109473949095	0.0	0.009857454513912975	0.006806333612553031	0.006963103505131525	0.00673845564037899	0.014851373664950844
SH0129	109393	0.011452917329545632	0.010557674896757093	0.010864752713269123	0.011458419326042957	0.01048975301602528	0.010054796406172566	0.010501260221417438	0.010976849552041687	0.010225537141205667	0.01124211891014951	0.015394502693045828	0.01530946391267309	0.016213809304892864	0.010319710204811098	0.014288581987830475	0.009857454513912975	0.0	0.0059371457339163995	0.006592020654620098	0.015831355667751682	0.023936815237526565
SH0130	109394	0.008497623408048325	0.008266352613283177	0.008573648970131038	0.00916732278506552	0.008198652376880229	0.008182380287960932	0.008210159582272388	0.008685750397275857	0.0079344463050015	0.00895101827100446	0.013104121724506722	0.013017772598879119	0.013923523793628123	0.008028607914495276	0.011997087576235693	0.006806333612553031	0.0059371457339163995	0.0	0.003386734146695605	0.013541070156486944	0.021643129952777732
SH0137	109401	0.008559134224664864	0.007663867718911516	0.007971069330666967	0.008564743145601447	0.0075960566603441365	0.007579775880382152	0.0076075638657362955	0.008083122696829701	0.007331840785524525	0.008348316311971369	0.012501600633839784	0.012415061548643275	0.013321002702961184	0.007425925563305322	0.011394313611457853	0.006963103505131525	0.006592020654620098	0.003386734146695605	0.0	0.012938549065820005	0.021040782131418516
SH0156	109420	0.007251431054495071	0.006719090745474864	0.006890685734680404	0.006988620121706512	0.00633324040854765	0.006805092159938207	0.00684613683011674	0.007442700546772096	0.006883945106742022	0.007522680184080796	0.0018460001114356818	0.010448196825030778	0.0017718689552931887	0.007714632905157341	0.010550281062613829	0.00673845564037899	0.015831355667751682	0.013541070156486944	0.012938549065820005	0.0	0.019226669121928483
SH0131	109395	0.015669751420302313	0.015828954988385532	0.016039312387248077	0.016275264949946886	0.015434871605128004	0.015944917147254857	0.01603320140667862	0.016302825291742318	0.015720099392919778	0.016520018479109555	0.01905694346345212	0.019886700845305555	0.01924272908592032	0.017076007995083988	0.020071106628134657	0.014851373664950844	0.023936815237526565	0.021643129952777732	0.021040782131418516	0.019226669121928483	0.0
