SH0019	109283	0	0.6880530993922614	0.596229550926946	0.350236029790293	0.31314134873798194	0.36809932978073334	0.3064768561885418	0.3476649882091651	0.3647016482340059	0.3698334713981539	0.24887041986773265	0.8747504294003072	0.7834358319990314	1.0	0.8660241144769049	0.7029021368581826	0.36804895752325156	0.8143824749398619	0.8043994307228064	0.39549414924369947	0.7543104236386916
SH0029	109293	0.6880530993922614	0	0.38705714200536356	0.6926061882804369	0.692606188280437	0.6926061882804369	0.692606188280437	0.692606188280437	0.6926061882804369	0.692606188280437	0.6926061882804372	0.9346662668753813	0.8427853100179722	1.0	0.8427853100179722	0.24334911393121955	0.6926061882804372	0.7136689628899338	0.6932039419921583	0.6926061882804369	0.6614306841129721
SH0065	109330	0.596229550926946	0.38705714200536356	0	0.4395820069585595	0.4494719373050968	0.43999076979673946	0.4371306559909256	0.4742253605649821	0.4535017601380458	0.46061202650351135	0.5113938209787672	0.8092397379277021	0.7910193275670183	1.0	0.8134061525680141	0.3963791115252548	0.5096577752214344	0.6597462646620884	0.7139825948903551	0.4431024755000839	0.6423265893758566
SH0113	109377	0.350236029790293	0.6926061882804369	0.4395820069585595	0	0.11463954131324436	0.12498796367601735	0.05858379036578111	0.11650306447962633	0.11135296910600005	0.1299748500940942	0.2527054036616462	0.8083701935597666	0.791019327567018	1.0	0.8134061525680141	0.6680641042392729	0.25623115156178344	0.814382474939862	0.8428076378135533	0.17275909369231718	0.7969627996536303
SH0116	109380	0.31314134873798194	0.692606188280437	0.4494719373050968	0.11463954131324436	0	0.133613771747884	0.11566137071091195	0.13575696269967344	0.12568918359300396	0.1766955442471532	0.3004819088004977	0.8119019601632059	0.791019327567018	1.0	0.8134061525680141	0.6680641042392729	0.22648313606339215	0.8143824749398619	0.8428076378135533	0.15756934286245713	0.7969627996536301
SH0117	109381	0.36809932978073334	0.6926061882804369	0.43999076979673946	0.12498796367601735	0.133613771747884	0	0.12600979307368493	0.15643275659927153	0.1411769146001206	0.1969971557234423	0.32115770270009586	0.8083935338992343	0.7910193275670181	1.0	0.8134061525680141	0.6680641042392729	0.2294297574092734	0.814382474939862	0.8428076378135533	0.17596623619601054	0.7969627996536303
SH0118	109382	0.3064768561885418	0.692606188280437	0.4371306559909256	0.05858379036578111	0.11566137071091195	0.12600979307368493	0	0.11495385229616605	0.10000153270727175	0.11974462014344495	0.2110892659056416	0.8083701935597664	0.791019327567018	1.0	0.8134061525680141	0.668064104239273	0.25623115156178344	0.814382474939862	0.8428076378135531	0.16635693135427174	0.7969627996536303
SH0119	109383	0.3476649882091651	0.692606188280437	0.4742253605649821	0.11650306447962633	0.13575696269967344	0.15643275659927153	0.11495385229616605	0	0.12999474836496894	0.17002896990640173	0.2942216390581449	0.7571267963441924	0.7452009495595957	1.0	0.7551848487622838	0.6680641042392729	0.22648313606339213	0.8143824749398618	0.8428076378135533	0.21805822875210934	0.7969627996536303
SH0120	109384	0.3647016482340059	0.6926061882804369	0.4535017601380458	0.11135296910600005	0.12568918359300396	0.1411769146001206	0.10000153270727175	0.12999474836496894	0	0.12137984300426262	0.2993051281933556	0.8083701935597665	0.7910193275670183	1.0	0.8134061525680142	0.6680641042392729	0.22648313606339213	0.8143824749398622	0.8428076378135533	0.19204035259672475	0.7969627996536303
SH0125	109389	0.3698334713981539	0.692606188280437	0.46061202650351135	0.1299748500940942	0.1766955442471532	0.1969971557234423	0.11974462014344495	0.17002896990640173	0.12137984300426262	0	0.25819494754334826	0.8083701935597664	0.7959172815260754	1.0	0.813406152568014	0.668064104239273	0.21450525694141692	0.8143824749398618	0.8428076378135533	0.20386479633663301	0.7969627996536301
SH0126	109390	0.24887041986773265	0.6926061882804372	0.5113938209787672	0.2527054036616462	0.3004819088004977	0.32115770270009586	0.2110892659056416	0.2942216390581449	0.2993051281933556	0.25819494754334826	0	0.8717172324959862	0.6965957759979251	1.0	0.8134061525680141	0.668064104239273	0.3944546767124313	0.814382474939862	0.8428076378135533	0.35259495385009126	0.7969627996536305
SH0129	109393	0.8747504294003072	0.9346662668753813	0.8092397379277021	0.8083701935597666	0.8119019601632059	0.8083935338992343	0.8083701935597664	0.7571267963441924	0.8083701935597665	0.8083701935597664	0.8717172324959862	0	0.7114525175818949	1.0	0.7114525175818949	0.9093802762326192	0.7966338404688359	1.0	1.0	0.8083701935597664	0.9477617212230384
SH0130	109394	0.7834358319990314	0.8427853100179722	0.7910193275670183	0.791019327567018	0.791019327567018	0.7910193275670181	0.791019327567018	0.7452009495595957	0.7910193275670183	0.7959172815260754	0.6965957759979251	0.7114525175818949	0	1.0	0.3300862725646373	0.8311860818579953	0.7980728967060822	1.0	1.0	0.7910193275670182	0.9477617212230384
SH0131	109395	1.0	1.0	1.0	1.0	1.0	1.0	1.0	1.0	1.0	1.0	1.0	1.0	1.0	0	1.0	1.0	1.0	1.0	1.0	1.0	1.0
SH0137	109401	0.8660241144769049	0.8427853100179722	0.8134061525680141	0.8134061525680141	0.8134061525680141	0.8134061525680141	0.8134061525680141	0.7551848487622838	0.8134061525680142	0.813406152568014	0.8134061525680141	0.7114525175818949	0.3300862725646373	1.0	0	0.8311860818579951	0.7980728967060821	1.0	1.0	0.8134061525680141	0.9477617212230381
SH0145	109409	0.7029021368581826	0.24334911393121955	0.3963791115252548	0.6680641042392729	0.6680641042392729	0.6680641042392729	0.668064104239273	0.6680641042392729	0.6680641042392729	0.668064104239273	0.668064104239273	0.9093802762326192	0.8311860818579953	1.0	0.8311860818579951	0	0.6680641042392729	0.7527767891128697	0.7527767891128696	0.6680641042392729	0.7005385103359076
SH0146	109410	0.36804895752325156	0.6926061882804372	0.5096577752214344	0.25623115156178344	0.22648313606339215	0.2294297574092734	0.25623115156178344	0.22648313606339213	0.22648313606339213	0.21450525694141692	0.3944546767124313	0.7966338404688359	0.7980728967060822	1.0	0.7980728967060821	0.6680641042392729	0	0.814382474939862	0.8428076378135531	0.2425553464712526	0.7969627996536303
SH0156	109420	0.8143824749398619	0.7136689628899338	0.6597462646620884	0.814382474939862	0.8143824749398619	0.814382474939862	0.814382474939862	0.8143824749398618	0.8143824749398622	0.8143824749398618	0.814382474939862	1.0	1.0	1.0	1.0	0.7527767891128697	0.814382474939862	0	0.2429568658763159	0.814382474939862	0.22399894267265608
SH0158	109422	0.8043994307228064	0.6932039419921583	0.7139825948903551	0.8428076378135533	0.8428076378135533	0.8428076378135533	0.8428076378135531	0.8428076378135533	0.8428076378135533	0.8428076378135533	0.8428076378135533	1.0	1.0	1.0	1.0	0.7527767891128696	0.8428076378135531	0.2429568658763159	0	0.8428076378135533	0.20779730700121976
SH0164	109428	0.39549414924369947	0.6926061882804369	0.4431024755000839	0.17275909369231718	0.15756934286245713	0.17596623619601054	0.16635693135427174	0.21805822875210934	0.19204035259672475	0.20386479633663301	0.35259495385009126	0.8083701935597664	0.7910193275670182	1.0	0.8134061525680141	0.6680641042392729	0.2425553464712526	0.814382474939862	0.8428076378135533	0	0.7969627996536303
SH0166	109430	0.7543104236386916	0.6614306841129721	0.6423265893758566	0.7969627996536303	0.7969627996536301	0.7969627996536303	0.7969627996536303	0.7969627996536303	0.7969627996536303	0.7969627996536301	0.7969627996536305	0.9477617212230384	0.9477617212230384	1.0	0.9477617212230381	0.7005385103359076	0.7969627996536303	0.22399894267265608	0.20779730700121976	0.7969627996536303	0
