C3/C1-C3v-C1q-C1n-C1cq	74118	0.0	0.008088663493441967	0.0010944810475557332	0.007594768490459767	0.007910057448651402	0.0024997453534137074	0.0017582354675759275	0.005319188341667139	0.005252668668394552	0.007340699537570345	0.008552295162471257	0.0061829467482780055	0.008616626466270118	0.0077388616956480735	0.00772895885973208	0.004313906800470152	0.0053572891488653405	0.0059959461010552625	0.008689992633998542	0.007382181333483374	0.006464746339754301	0.0063959864620330665	0.008135281775664261	0.00815227374459662	0.012471918068034927	0.015746449892225255	0.006485356714595622	0.0066309635683817975	0.013958802206946943	0.010052565378849755	0.0049869170393581925	0.006468681721413575	0.0087427522431614	0.01740392783952633	0.01740665779756073	0.017162548753324004	0.008927677377276816	0.004989463875307408	0.010369246121413576	0.023400974489859887	0.014341515734209736	0.010399260721413575	0.014318281621413577
C21-C21u-C3-C21w-C21v	74131	0.008088663493441967	0.0	0.008126116321003699	0.002751855214830504	0.0030704461271360726	0.009166717230594965	0.007450024308421113	0.005885211896323533	0.005816551760330732	0.0024968305740023927	0.007813974336349094	0.0031778775898654954	0.0050096571523343	0.004456343214854109	0.007743211037188843	0.003775831370568538	0.005923077637988604	0.006561671085554648	0.003853095903323874	0.007947548415961856	0.0016249878432597167	0.006961927003421076	0.008700599370470054	0.008718310159342197	0.008218671673284073	0.011668793412659363	0.00705104903257023	0.007196793131965366	0.012402865655098006	0.009314012468876628	0.005550859082415276	0.0016267757338398478	0.0039001393332178287	0.010916436071608018	0.010918060964440666	0.01772828385846246	0.009493412482415278	0.005554859082415276	0.0055304004157552735	0.018567490375724128	0.009510696620573827	0.005557513886094171	0.009477340944246725
C3/C3v/C1-C1q-C1n	73879	0.0010944810475557332	0.008126116321003699	0.0	0.007632221318021499	0.007947607047181842	0.0014054984958568719	0.0013296449209760628	0.004976757525841887	0.0049742180575153725	0.007378152365132076	0.008589454877966609	0.006220304004511136	0.008654153671518543	0.007776249574891082	0.007766023003898831	0.004351354429591414	0.005014918315045486	0.005653566231493821	0.008727447607977524	0.007039755716098589	0.006502295938284742	0.006053555646207814	0.0077929581045848295	0.0078098781182145355	0.012509370895596658	0.015783902719786986	0.006142935495891232	0.006288532752556544	0.013996153065099498	0.01008991623700231	0.004644772937518745	0.006506134548975307	0.008780205070723131	0.01744138066708806	0.017444110625122463	0.016820225105348394	0.00858535372930121	0.004647235798660401	0.010406698948975307	0.023438427317421618	0.014378871790802761	0.010436713548975308	0.01435573444897531
C21-C3-C21ag-C21af	74017	0.007594768490459767	0.002751855214830504	0.007632221318021499	0.0	0.002576056720995411	0.008672822227612764	0.006956129305438913	0.005391316893341332	0.0053226567573485305	0.0020012495562087584	0.007319444179781797	0.00268415995364927	0.0045157621493521	0.003962448211871909	0.007249082937488986	0.0032819363675863373	0.005429182635006404	0.006067810905478904	0.0033584588807068156	0.007453688235886114	0.0011303442432987654	0.006468066823345332	0.008206739190394309	0.008224449979266454	0.007722925243260816	0.01117326606513207	0.006557188852494487	0.006702932951889623	0.011909005475022263	0.008820152288800887	0.005056998902339532	0.0011302067450509898	0.0034033784793330297	0.012072366273924214	0.012073991166756864	0.017234423678386717	0.008999552302339531	0.005060998902339533	0.005034652368806238	0.018073046604079185	0.009016630302339531	0.005061646372925415	0.008980580090361928
C3/C21/C3av-C3at-C3b-C3dp	73890	0.007910057448651402	0.0030704461271360726	0.007947607047181842	0.002576056720995411	0.0	0.008988398933106757	0.007271369545519071	0.005706808548592275	0.005637875067268539	0.0023224391875382162	0.007635578516435888	0.003000481060922644	0.004831062504124759	0.004277805238454144	0.00756474679499944	0.003597176607666496	0.005744731915101466	0.006383390343173359	0.0036747326838064776	0.007769267673580567	0.0014474722767667187	0.006783646261039786	0.008522318628088764	0.00854002941696091	0.00804161172639944	0.011491948150029989	0.00687276829018894	0.007018512389584076	0.012224619048347537	0.00913573172649534	0.0053725783400339865	0.0014510751098860458	0.003724266183413159	0.0123898068337565	0.0123911170524588	0.01755000311608117	0.009315131740033986	0.005376578340033987	0.005353544547870852	0.01838995084514563	0.009332801103488605	0.005382089935555777	0.009300885125839667
C3/C1n/C3v/C1-C1q-C89-C3az-C1aa	73889	0.0024997453534137074	0.009166717230594965	0.0014054984958568719	0.008672822227612764	0.008988398933106757	0.0	0.002370551266712925	0.005601277956089028	0.006014877141924352	0.008418768139003585	0.009630164611847814	0.0072608728769628945	0.009695024756994271	0.00881720331456265	0.008806434193716704	0.005392316487775328	0.005413686372469628	0.005944753054215912	0.009768239493902438	0.00733029645304878	0.0075430878242096575	0.006344443750860291	0.008084105504318272	0.008100672726924031	0.013549971805187924	0.01682450362937825	0.006434476265958239	0.006579381930488167	0.015036924146949762	0.011130687318852573	0.00493661531622351	0.007546735458566573	0.009820805980314398	0.018481981576679327	0.01848471153471373	0.01711035836496162	0.008875486988914433	0.0049377616576869255	0.011447299858566573	0.024479028227012884	0.015419281724060378	0.011477314458566574	0.015396335358566576
C3/C1-C1n-C3v-C1q-C3fh	74154	0.0017582354675759275	0.007450024308421113	0.0013296449209760628	0.006956129305438913	0.007271369545519071	0.002370551266712925	0.0	0.004986380700559887	0.004919745359608078	0.006702060352549491	0.007913461318271673	0.005544248341111778	0.007977976284548275	0.007100146295739237	0.0070900657933871195	0.003675113353769392	0.005024486344339508	0.005663134260787843	0.008051353448977687	0.007049509157815273	0.0058260291079415254	0.006063218413007398	0.0078025849778821455	0.007819605805410027	0.011833278883014072	0.015107810707204399	0.006152530277247617	0.006298137131033794	0.013320086807038107	0.009413849978940916	0.004654268268446311	0.005830042536392722	0.008104113058140548	0.016765288654505477	0.016768018612539876	0.016829952792543887	0.008595081416496701	0.004656927136672665	0.009730606936392721	0.02276233530483903	0.013702954595980804	0.009760621536392722	0.013679642436392723
C1/C42.2/C3-C1b	74155	0.005319188341667139	0.005885211896323533	0.004976757525841887	0.005391316893341332	0.005706808548592275	0.005601277956089028	0.004986380700559887	0.0	0.0027322889103579286	0.00513724794045191	0.006347638926744406	0.003979367542691462	0.0064133551729289775	0.005535451076301514	0.005523967060727001	0.0021103197379125633	0.0023567858504348516	0.0029954155590681867	0.006486649109387957	0.0020638880569947746	0.004261497439695175	0.001077050469896021	0.002817421849841341	0.0028339465593396063	0.010268466470916492	0.013542998295106818	0.0026816634724896467	0.003094403569886023	0.011755012447330047	0.007848775619232858	0.001988234829674065	0.004265230124295141	0.006539300646042966	0.015200476242407897	0.015203206200442295	0.011844832269119818	0.0036096641232553493	0.0019893552055988803	0.00816579452429514	0.021197522892741454	0.012137861440031997	0.008195809124295142	0.012114830024295142
C1/C1b/C3-C1u-C1bo	74032	0.005252668668394552	0.005816551760330732	0.0049742180575153725	0.0053226567573485305	0.005637875067268539	0.006014877141924352	0.004919745359608078	0.0027322889103579286	0.0	0.005068587804459108	0.006279524171288613	0.00391070740669866	0.006345328710201523	0.00546742461357406	0.005456923476421362	0.002042559240970054	0.002770282922919855	0.003408803718336333	0.006418017967596315	0.004795138604373559	0.0041928662979035325	0.0038091014278444314	0.005548124984711423	0.005565313560687356	0.01019980633492369	0.013474338159114016	0.0038983564868506756	0.00404421650659868	0.011687037974204673	0.007780801146107482	0.0024002896556088783	0.00419656998830234	0.006470640510050165	0.015131816106415095	0.01454419837782682	0.014576714431656066	0.0063418430556088775	0.0024022506634073185	0.008096983218536292	0.021129467435812836	0.012070079328434314	0.00812714898830234	0.01204616988830234
C21-C21am-C3	74165	0.007340699537570345	0.0024968305740023927	0.007378152365132076	0.0020012495562087584	0.0023224391875382162	0.008418768139003585	0.006702060352549491	0.00513724794045191	0.005068587804459108	0.0	0.007065964942998939	0.002430108597240552	0.004261693196462677	0.0037083792589824864	0.006995299500704381	0.003027867414696915	0.005175113682116981	0.005813759549070186	0.003104869739891764	0.007199636879477395	0.0008762752904093435	0.006214015466936613	0.007952687833985592	0.007970398622857736	0.00746945297103526	0.010919793792906515	0.006303137496085768	0.006448881595480904	0.011654954118613545	0.008566100932392167	0.0048029475459308146	0.0008760402116776646	0.0031500117859916987	0.011818350110476905	0.011819975003309556	0.016980372321977997	0.008745500945930814	0.004806947545930814	0.00478068899480104	0.01781901284415117	0.008762578945930813	0.004807330269466107	0.008727213397020598
C50b/C1/C3-C1c-C1b	73913	0.008552295162471257	0.007813974336349094	0.008589454877966609	0.007319444179781797	0.007635578516435888	0.009630164611847814	0.007913461318271673	0.006347638926744406	0.006279524171288613	0.007065964942998939	0.0	0.005908936140869578	0.008346078666769969	0.007468174570142505	0.007358111667929622	0.004240599698600128	0.005350266071308607	0.005988901306338412	0.007404372470272798	0.008410110454201057	0.0061911468557594995	0.007424395821305708	0.00916328937797541	0.009180982116285114	0.007713748239540265	0.010646510771621433	0.006554411280585823	0.00662402335274913	0.01368771816831853	0.009781481340221344	0.006015669197910627	0.006194798722473258	0.00846640998199975	0.01713119262739751	0.017133002330360893	0.01819173818069579	0.009956866804648606	0.006018431769139258	0.010095977938028591	0.023130165568696237	0.01407165292921124	0.01012414809136259	0.00921834250080976
C21-C21an-C21ao-C3	74172	0.0061829467482780055	0.0031778775898654954	0.006220304004511136	0.00268415995364927	0.003000481060922644	0.0072608728769628945	0.005544248341111778	0.003979367542691462	0.00391070740669866	0.002430108597240552	0.005908936140869578	0.0	0.0037132720056262947	0.002835732498252192	0.005837906351910215	0.0018709220299338671	0.0040172332843565325	0.004655830561027795	0.003782532852842752	0.006041707891435004	0.0015544282824466245	0.005056086478894222	0.006794758845943201	0.006812469634815344	0.007563098515170943	0.010837697173135659	0.0051452085080433765	0.0052909526074385125	0.010498208810263572	0.007409147244880111	0.0036459535708858225	0.0015580421908018395	0.0038322717135261916	0.012496814797059589	0.012498439689892237	0.015822443333935607	0.007587571957888422	0.0036490185578884225	0.005461353441431713	0.018496744277384528	0.009438795282183563	0.005490452424555089	0.00940947332455509
C3/C3u/C3fq/C115-C1	74173	0.008616626466270118	0.0050096571523343	0.008654153671518543	0.0045157621493521	0.004831062504124759	0.009695024756994271	0.007977976284548275	0.0064133551729289775	0.006345328710201523	0.004261693196462677	0.008346078666769969	0.0037132720056262947	0.0	0.001218550950414273	0.008274923885054485	0.0043037833466957	0.006451278539438169	0.0070899369675100615	0.005610709003806508	0.00847631629711759	0.003385751395227659	0.007490192885376489	0.009229376847787322	0.00924657604129761	0.009392911726927258	0.012667443551117586	0.007579314914525643	0.007725059013920779	0.009864504340309157	0.006775442774925696	0.006079124964370689	0.0033896753803059083	0.005663745902053733	0.014324921498418663	0.014327651456453061	0.018256862046725983	0.010021990670678797	0.006083437270678797	0.007290239780305908	0.017254962232767016	0.011264069125182446	0.007320254380305908	0.01123927528030591
C3u/C3-C115-C1	74174	0.0077388616956480735	0.004456343214854109	0.007776249574891082	0.003962448211871909	0.004277805238454144	0.00881720331456265	0.007100146295739237	0.005535451076301514	0.00546742461357406	0.0037083792589824864	0.007468174570142505	0.002835732498252192	0.001218550950414273	0.0	0.007397019788427021	0.003425935921877812	0.0055733744428107055	0.006212032870882598	0.005057395066326317	0.007598412200490127	0.0028324941295570444	0.006612288788749025	0.008351502257845336	0.008368693617160501	0.008839597789447068	0.012114129613637394	0.006701410817898179	0.006847154917293315	0.009426450072562743	0.006337388507179282	0.005201220867743226	0.0028363614428257174	0.005110431964573543	0.013771607560938471	0.013774337518972874	0.017379040604294363	0.009144169228247175	0.005205615828247176	0.006736925842825718	0.0171413854925439	0.010710473252644733	0.006766940442825717	0.01068596134282572
C1-C1av-C1aw-C3ct-C3-C1c	74176	0.00772895885973208	0.007743211037188843	0.007766023003898831	0.007249082937488986	0.00756474679499944	0.008806434193716704	0.0070900657933871195	0.005523967060727001	0.005456923476421362	0.006995299500704381	0.007358111667929622	0.005837906351910215	0.008274923885054485	0.007397019788427021	0.0	0.003972376767490044	0.004714336057762671	0.0053528374175981054	0.008344496937778584	0.007586394865247741	0.006120155025158679	0.006600632784199319	0.008339563572654779	0.0083572665273318	0.012125872191886941	0.015400426007280782	0.005842228076157153	0.005987494668054689	0.013616352050004025	0.009710115221906837	0.005192284909567129	0.006123700123902829	0.00735054560196376	0.01705975413079649	0.017061785767179847	0.01736761351446566	0.009132742138418474	0.005195299605158452	0.010025056286374087	0.023058904019011138	0.014000114662541236	0.010054005206078177	0.013972490266829951
C1/C3	74054	0.004313906800470152	0.003775831370568538	0.004351354429591414	0.0032819363675863373	0.003597176607666496	0.005392316487775328	0.003675113353769392	0.0021103197379125633	0.002042559240970054	0.003027867414696915	0.004240599698600128	0.0018709220299338671	0.0043037833466957	0.003425935921877812	0.003972376767490044	0.0	0.0021480080388886257	0.0027866149898021853	0.0043771605111251125	0.004173604460556215	0.002151633120187981	0.003187173047240698	0.0049267859628452995	0.00494380679037318	0.008159085945161498	0.011433617769351822	0.003276186371388875	0.0034217244387324	0.009645435677252274	0.005738990469993001	0.0017756341109489053	0.002155849598540146	0.004429920120287971	0.0130910957166529	0.013093825674687302	0.01395415377750704	0.005719282401459853	0.0017807290014598541	0.0060564139985401465	0.019088142366986457	0.010028964708029197	0.006086428598540147	0.010005449498540148
C1/C3/C1c-C1b-C72k	74569	0.0053572891488653405	0.005923077637988604	0.005014918315045486	0.005429182635006404	0.005744731915101466	0.005413686372469628	0.005024486344339508	0.0023567858504348516	0.002770282922919855	0.005175113682116981	0.005350266071308607	0.0040172332843565325	0.006451278539438169	0.0055733744428107055	0.004714336057762671	0.0021480080388886257	0.0	0.0006947088469816722	0.006524572475897148	0.004194177026629228	0.004299420806204366	0.0032077670189580403	0.0049475259164869275	0.004964517472828152	0.010306332212581563	0.01358086403677189	0.002337898651524543	0.0019683641837343214	0.01179268194467234	0.0078864062953648	0.0017998851502749175	0.004303095865960212	0.006577166387708037	0.015238341984072968	0.015241071942107368	0.013975148174847548	0.005740276798800359	0.0018018725540537837	0.008203660265960212	0.02123538863440652	0.012175669556852944	0.008233674865960213	0.012152695765960213
C1/C3-C1c-C1b-C72k-C1w	74570	0.0059959461010552625	0.006561671085554648	0.005653566231493821	0.006067810905478904	0.006383390343173359	0.005944753054215912	0.005663134260787843	0.0029954155590681867	0.003408803718336333	0.005813759549070186	0.005988901306338412	0.004655830561027795	0.0070899369675100615	0.006212032870882598	0.0053528374175981054	0.0027866149898021853	0.0006947088469816722	0.0	0.007163230903969041	0.004674894037161245	0.004938079234276259	0.0032198781588982203	0.005273114211421541	0.004850411639098908	0.01094493042836928	0.014219438262155767	0.0022242667013251016	0.0018189304117376525	0.012431148447498371	0.008524821321032498	0.001685928183383323	0.004941562368786243	0.007215632890534068	0.015876808486899	0.015879538444933398	0.013861220185985198	0.005626348809938012	0.001687963976224755	0.008842126768786243	0.021873855137232553	0.012813944134433113	0.008872141368786245	0.012791162268786245
C3-C3de-C3bb-C21ae-C3an-C3s-C3dk	73930	0.008689992633998542	0.003853095903323874	0.008727447607977524	0.0033584588807068156	0.0036747326838064776	0.009768239493902438	0.008051353448977687	0.006486649109387957	0.006418017967596315	0.003104869739891764	0.007404372470272798	0.003782532852842752	0.005610709003806508	0.005057395066326317	0.008344496937778584	0.0043771605111251125	0.006524572475897148	0.007163230903969041	0.0	0.008549108234376249	0.002229889671502357	0.007563486821835467	0.009302159188884447	0.00931986997775659	0.007812340713464614	0.01126316559595162	0.007652608850984622	0.007798352950379759	0.013004242296068448	0.009915294998206654	0.0061524189008296684	0.0022337141512894843	0.004505781674236829	0.013170312328578569	0.01317212203154195	0.018329843676876855	0.010094972300829667	0.006156418900829668	0.006134902101869253	0.019169186048084454	0.010111649861005597	0.006163209784636145	0.009071379261085566
C1d/C1/C42.2-C1b-C3cg-C3	74062	0.007382181333483374	0.007947548415961856	0.007039755716098589	0.007453688235886114	0.007769267673580567	0.00733029645304878	0.007049509157815273	0.0020638880569947746	0.004795138604373559	0.007199636879477395	0.008410110454201057	0.006041707891435004	0.00847631629711759	0.007598412200490127	0.007586394865247741	0.004173604460556215	0.004194177026629228	0.004674894037161245	0.008549108234376249	0.0	0.006323956564683467	0.0022126307477891025	0.0023979795810175936	0.003301208672645176	0.012330807758776489	0.015605315592562976	0.004361352336600788	0.004773632666627842	0.013817864658715054	0.009911627830617865	0.003667547025429828	0.006327424071091563	0.008601494592839388	0.01726267018920432	0.017265400147238718	0.011971894121857613	0.003736887828948421	0.0036680284328668533	0.010227988471091564	0.023260218838738196	0.01420062687397041	0.010258003071091565	0.014177023971091565
C21/C3	74193	0.006464746339754301	0.0016249878432597167	0.006502295938284742	0.0011303442432987654	0.0014474722767667187	0.0075430878242096575	0.0058260291079415254	0.004261497439695175	0.0041928662979035325	0.0008762752904093435	0.0061911468557594995	0.0015544282824466245	0.003385751395227659	0.0028324941295570444	0.006120155025158679	0.002151633120187981	0.004299420806204366	0.004938079234276259	0.002229889671502357	0.006323956564683467	0.0	0.005338335152142686	0.007077007519191664	0.007094718308063809	0.006597591004337306	0.0100478070761086	0.00542745718129184	0.005573201280686976	0.010779384192780721	0.00769042061759824	0.0039272672311368865	4.257474252574742e-06	0.0022787635524447554	0.01094385974691381	0.010945484639746457	0.016104692007184073	0.007869820631136887	0.003931267231136887	0.003907983558084192	0.01694392750497266	0.007886898631136887	0.003936944263473652	0.007855965163473654
C42.2/C1-C1b-C3-C1au	74074	0.0063959864620330665	0.006961927003421076	0.006053555646207814	0.006468066823345332	0.006783646261039786	0.006344443750860291	0.006063218413007398	0.001077050469896021	0.0038091014278444314	0.006214015466936613	0.007424395821305708	0.005056086478894222	0.007490192885376489	0.006612288788749025	0.006600632784199319	0.003187173047240698	0.0032077670189580403	0.0032198781588982203	0.007563486821835467	0.0022126307477891025	0.005338335152142686	0.0	0.002403353756940809	0.001971631779954259	0.011345186346235707	0.014619694180022194	0.0029065772864655354	0.0033189355558388327	0.012831648400129488	0.0089254115720323	0.002212876793631274	0.0053418504802139576	0.007615921001961783	0.016277096598326712	0.016279826556361114	0.011525002447554132	0.0032896961293241347	0.0022140599569986006	0.009242414880213958	0.02227414324866027	0.013214264439422115	0.009272429480213958	0.01319145038021396
C1d/C1/C42.2/C3-C1b-C3cg-C45c-C115k-C1au-C41p	74082	0.008135281775664261	0.008700599370470054	0.0077929581045848295	0.008206739190394309	0.008522318628088764	0.008084105504318272	0.0078025849778821455	0.002817421849841341	0.005548124984711423	0.007952687833985592	0.00916328937797541	0.006794758845943201	0.009229376847787322	0.008351502257845336	0.008339563572654779	0.0049267859628452995	0.0049475259164869275	0.005273114211421541	0.009302159188884447	0.0023979795810175936	0.007077007519191664	0.002403353756940809	0.0	0.004159474601411118	0.013083858713284685	0.016358366547071172	0.004959451638146489	0.00537223664249647	0.014571000179396783	0.010664763351299594	0.004266147847431028	0.007080432242712915	0.00935450276446074	0.018015678360825668	0.01801840831886007	0.013592196815070326	0.005357291881617353	0.004266890150509796	0.010980996642712916	0.02401323660652108	0.014953608256307477	0.011011011242712917	0.014930032142712917
C42a/C42.2/C1/C1b/C1j/C3-C1au	74092	0.00815227374459662	0.008718310159342197	0.0078098781182145355	0.008224449979266454	0.00854002941696091	0.008100672726924031	0.007819605805410027	0.0028339465593396063	0.005565313560687356	0.007970398622857736	0.009180982116285114	0.006812469634815344	0.00924657604129761	0.008368693617160501	0.0083572665273318	0.00494380679037318	0.004964517472828152	0.004850411639098908	0.00931986997775659	0.003301208672645176	0.007094718308063809	0.001971631779954259	0.004159474601411118	0.0	0.01310156950215683	0.016376077335943318	0.0043904458558732375	0.004802890008279865	0.014588212543745904	0.010681975715648715	0.0036967720444766572	0.007098164036619014	0.009372234558366839	0.01803341015473177	0.01803614011276617	0.012339915037298812	0.004105472132710187	0.003697120339988004	0.010998728436619015	0.024030456805065326	0.014970508396311106	0.011028743036619014	0.014947763936619016
C50c/C50a/C3/C1-C50f-C3b-C50u	74608	0.012471918068034927	0.008218671673284073	0.012509370895596658	0.007722925243260816	0.00804161172639944	0.013549971805187924	0.011833278883014072	0.010268466470916492	0.01019980633492369	0.00746945297103526	0.007713748239540265	0.007563098515170943	0.009392911726927258	0.008839597789447068	0.012125872191886941	0.008159085945161498	0.010306332212581563	0.01094493042836928	0.007812340713464614	0.012330807758776489	0.006597591004337306	0.011345186346235707	0.013083858713284685	0.01310156950215683	0.0	0.008584586879168332	0.011434308375384861	0.011580052474779997	0.016786124997912637	0.01369727181169126	0.009934118425229909	0.006598249731267493	0.008867664718568763	0.017538370699440222	0.017540180402403602	0.022111693141301084	0.0138768217652539	0.009938268365253898	0.010500522847780887	0.02353843754169701	0.014481751414594162	0.010526371714074369	0.007525468562934826
C3k/C50a/C3-C3ba-C1-C50y-C3dq-C50f	74609	0.015746449892225255	0.011668793412659363	0.015783902719786986	0.01117326606513207	0.011491948150029989	0.01682450362937825	0.015107810707204399	0.013542998295106818	0.013474338159114016	0.010919793792906515	0.010646510771621433	0.010837697173135659	0.012667443551117586	0.012114129613637394	0.015400426007280782	0.011433617769351822	0.01358086403677189	0.014219438262155767	0.01126316559595162	0.015605315592562976	0.0100478070761086	0.014619694180022194	0.016358366547071172	0.016376077335943318	0.008584586879168332	0.0	0.01470881620917135	0.014854560308566484	0.020060632831699128	0.01697177964547775	0.013208626259016396	0.010048566562734906	0.012317981550036175	0.020988604364174334	0.02099041406713771	0.025386245757174734	0.01715137438112755	0.01321282098112755	0.013950795896761296	0.026988627423944114	0.017931875723070773	0.013976511416393441	0.0070119695602159126
C1-C1b-C1c-C42.2-C1br-C1bh-C1cb-C3	74610	0.006485356714595622	0.00705104903257023	0.006142935495891232	0.006557188852494487	0.00687276829018894	0.006434476265958239	0.006152530277247617	0.0026816634724896467	0.0038983564868506756	0.006303137496085768	0.006554411280585823	0.0051452085080433765	0.007579314914525643	0.006701410817898179	0.005842228076157153	0.003276186371388875	0.002337898651524543	0.0022242667013251016	0.007652608850984622	0.004361352336600788	0.00542745718129184	0.0029065772864655354	0.004959451638146489	0.0043904458558732375	0.011434308375384861	0.01470881620917135	0.0	0.0020844970145979043	0.012920568531839476	0.009014331703742287	0.001936936235149455	0.0054308793169249225	0.007704949838672748	0.016366125435037678	0.016368855393072076	0.013308781391482553	0.005073910015435369	0.0019389124422873139	0.009331443716924922	0.02236317208537123	0.013303200083694892	0.009361458316924923	0.013280479216924924
C1/C1c-C1b-C1al-C42.2	74554	0.0066309635683817975	0.007196793131965366	0.006288532752556544	0.006702932951889623	0.007018512389584076	0.006579381930488167	0.006298137131033794	0.003094403569886023	0.00404421650659868	0.006448881595480904	0.00662402335274913	0.0052909526074385125	0.007725059013920779	0.006847154917293315	0.005987494668054689	0.0034217244387324	0.0019683641837343214	0.0018189304117376525	0.007798352950379759	0.004773632666627842	0.005573201280686976	0.0033189355558388327	0.00537223664249647	0.004802890008279865	0.011580052474779997	0.014854560308566484	0.0020844970145979043	0.0	0.013066098728262218	0.009159759004315843	0.0016475761211357728	0.0055765126495500895	0.007850583171297915	0.016511758767662844	0.016514488725697246	0.013286512932375918	0.005051641556328735	0.0016494625438512299	0.00947707704955009	0.0225088054179964	0.013448722649550087	0.00950709164955009	0.013426112549550092
C15/C1	74191	0.013958802206946943	0.012402865655098006	0.013996153065099498	0.011909005475022263	0.012224619048347537	0.015036924146949762	0.013320086807038107	0.011755012447330047	0.011687037974204673	0.011654954118613545	0.01368771816831853	0.010498208810263572	0.009864504340309157	0.009426450072562743	0.013616352050004025	0.009645435677252274	0.01179268194467234	0.012431148447498371	0.013004242296068448	0.013817864658715054	0.010779384192780721	0.012831648400129488	0.014571000179396783	0.014588212543745904	0.016786124997912637	0.020060632831699128	0.012920568531839476	0.013066098728262218	0.0	0.003907401111668833	0.011420164678712128	0.010782585172682733	0.013056655694430557	0.021717831290795485	0.02172056124882988	0.02359842517118767	0.015363553795140485	0.011425000395140486	0.01468314957268273	0.009442706689734182	0.018657123739826018	0.014713164172682732	0.018632185072682734
C1/C93a	74199	0.010052565378849755	0.009314012468876628	0.01008991623700231	0.008820152288800887	0.00913573172649534	0.011130687318852573	0.009413849978940916	0.007848775619232858	0.007780801146107482	0.008566100932392167	0.009781481340221344	0.007409147244880111	0.006775442774925696	0.006337388507179282	0.009710115221906837	0.005738990469993001	0.0078864062953648	0.008524821321032498	0.009915294998206654	0.009911627830617865	0.00769042061759824	0.0089254115720323	0.010664763351299594	0.010681975715648715	0.01369727181169126	0.01697177964547775	0.009014331703742287	0.009159759004315843	0.003907401111668833	0.0	0.007513719471452855	0.007693731986461353	0.00996780250820918	0.01862897810457411	0.01863170806260851	0.01969218834309048	0.011457316967043297	0.007518763567043296	0.011594296386461353	0.013350107801403013	0.015567853795280473	0.011624310986461354	0.015543331886461356
C1	73852	0.0049869170393581925	0.005550859082415276	0.004644772937518745	0.005056998902339532	0.0053725783400339865	0.00493661531622351	0.004654268268446311	0.001988234829674065	0.0024002896556088783	0.0048029475459308146	0.006015669197910627	0.0036459535708858225	0.006079124964370689	0.005201220867743226	0.005192284909567129	0.0017756341109489053	0.0017998851502749175	0.001685928183383323	0.0061524189008296684	0.003667547025429828	0.0039272672311368865	0.002212876793631274	0.004266147847431028	0.0036967720444766572	0.009934118425229909	0.013208626259016396	0.001936936235149455	0.0016475761211357728	0.011420164678712128	0.007513719471452855	0.0	0.0039305786	0.006204649121747825	0.014865824718112755	0.014868554676147155	0.012179424776047183	0.0039445534	6e-06	0.007831143	0.02086287136844631	0.0118027886	0.007861157600000002	0.011780178500000002
C21	74000	0.006468681721413575	0.0016267757338398478	0.006506134548975307	0.0011302067450509898	0.0014510751098860458	0.007546735458566573	0.005830042536392722	0.004265230124295141	0.00419656998830234	0.0008760402116776646	0.006194798722473258	0.0015580421908018395	0.0033896753803059083	0.0028363614428257174	0.006123700123902829	0.002155849598540146	0.004303095865960212	0.004941562368786243	0.0022337141512894843	0.006327424071091563	4.257474252574742e-06	0.0053418504802139576	0.007080432242712915	0.007098164036619014	0.006598249731267493	0.010048566562734906	0.0054308793169249225	0.0055765126495500895	0.010782585172682733	0.007693731986461353	0.0039305786	0.0	0.002276398288971103	0.010945278904998001	0.01094690379783065	0.016108003376047186	0.007873132	0.0039345786	0.0039065644	0.016946292768446312	0.00789021	0.003934579	0.007853599900000001
C21ai/C21	74028	0.0087427522431614	0.0039001393332178287	0.008780205070723131	0.0034033784793330297	0.003724266183413159	0.009820805980314398	0.008104113058140548	0.006539300646042966	0.006470640510050165	0.0031500117859916987	0.00846640998199975	0.0038322717135261916	0.005663745902053733	0.005110431964573543	0.00735054560196376	0.004429920120287971	0.006577166387708037	0.007215632890534068	0.004505781674236829	0.008601494592839388	0.0022787635524447554	0.007615921001961783	0.00935450276446074	0.009372234558366839	0.008867664718568763	0.012317981550036175	0.007704949838672748	0.007850583171297915	0.013056655694430557	0.00996780250820918	0.006204649121747825	0.002276398288971103	0.0	0.013219349426745828	0.013220974319578475	0.01838207389779501	0.010147202521747825	0.0062086491217478255	0.006180634921747825	0.019220363290194133	0.010164280521747825	0.006206321754524548	0.01012301488730127
C17d/C31-C21-C17f-C17e-C21ac	73910	0.01740392783952633	0.010916436071608018	0.01744138066708806	0.012072366273924214	0.0123898068337565	0.018481981576679327	0.016765288654505477	0.015200476242407897	0.015131816106415095	0.011818350110476905	0.01713119262739751	0.012496814797059589	0.014324921498418663	0.013771607560938471	0.01705975413079649	0.0130910957166529	0.015238341984072968	0.015876808486899	0.013170312328578569	0.01726267018920432	0.01094385974691381	0.016277096598326712	0.018015678360825668	0.01803341015473177	0.017538370699440222	0.020988604364174334	0.016366125435037678	0.016511758767662844	0.021717831290795485	0.01862897810457411	0.014865824718112755	0.010945278904998001	0.013219349426745828	0.0	0.004864326779325359	0.02704324949415994	0.018808378118112756	0.014869824718112755	0.014846826911555379	0.02788153888655907	0.018825456118112753	0.014876513642702918	0.01879553454270292
C31-C21-C31d-C21ac-C21aj	74040	0.01740665779756073	0.010918060964440666	0.017444110625122463	0.012073991166756864	0.0123911170524588	0.01848471153471373	0.016768018612539876	0.015203206200442295	0.01454419837782682	0.011819975003309556	0.017133002330360893	0.012498439689892237	0.014327651456453061	0.013774337518972874	0.017061785767179847	0.013093825674687302	0.015241071942107368	0.015879538444933398	0.01317212203154195	0.017265400147238718	0.010945484639746457	0.016279826556361114	0.01801840831886007	0.01803614011276617	0.017540180402403602	0.02099041406713771	0.016368855393072076	0.016514488725697246	0.02172056124882988	0.01863170806260851	0.014868554676147155	0.01094690379783065	0.013220974319578475	0.004864326779325359	0.0	0.027045979452194342	0.018811108076147158	0.014872554676147155	0.014848545474647604	0.027884268844593465	0.018828186076147155	0.014878323345666298	0.0187973442456663
C8c/C8f-C42.2-C8e-C8	74181	0.017162548753324004	0.01772828385846246	0.016820225105348394	0.017234423678386717	0.01755000311608117	0.01711035836496162	0.016829952792543887	0.011844832269119818	0.014576714431656066	0.016980372321977997	0.01819173818069579	0.015822443333935607	0.018256862046725983	0.017379040604294363	0.01736761351446566	0.01395415377750704	0.013975148174847548	0.013861220185985198	0.018329843676876855	0.011971894121857613	0.016104692007184073	0.011525002447554132	0.013592196815070326	0.012339915037298812	0.022111693141301084	0.025386245757174734	0.013308781391482553	0.013286512932375918	0.02359842517118767	0.01969218834309048	0.012179424776047183	0.016108003376047186	0.01838207389779501	0.02704324949415994	0.027045979452194342	0.0	0.008236579663560931	0.012177424776047184	0.020008567776047183	0.0330402961444935	0.023980213376047187	0.020038582376047186	0.023957603276047186
C42.2	74200	0.008927677377276816	0.009493412482415278	0.00858535372930121	0.008999552302339531	0.009315131740033986	0.008875486988914433	0.008595081416496701	0.0036096641232553493	0.0063418430556088775	0.008745500945930814	0.009956866804648606	0.007587571957888422	0.010021990670678797	0.009144169228247175	0.009132742138418474	0.005719282401459853	0.005740276798800359	0.005626348809938012	0.010094972300829667	0.003736887828948421	0.007869820631136887	0.0032896961293241347	0.005357291881617353	0.004105472132710187	0.0138768217652539	0.01715137438112755	0.005073910015435369	0.005051641556328735	0.015363553795140485	0.011457316967043297	0.0039445534	0.007873132	0.010147202521747825	0.018808378118112756	0.018811108076147158	0.008236579663560931	0.0	0.0039425534	0.0117736964	0.024805424768446313	0.015745342	0.011803711000000001	0.015722731900000002
C1b	74678	0.004989463875307408	0.005554859082415276	0.004647235798660401	0.005060998902339533	0.005376578340033987	0.0049377616576869255	0.004656927136672665	0.0019893552055988803	0.0024022506634073185	0.004806947545930814	0.006018431769139258	0.0036490185578884225	0.006083437270678797	0.005205615828247176	0.005195299605158452	0.0017807290014598541	0.0018018725540537837	0.001687963976224755	0.006156418900829668	0.0036680284328668533	0.003931267231136887	0.0022140599569986006	0.004266890150509796	0.003697120339988004	0.009938268365253898	0.01321282098112755	0.0019389124422873139	0.0016494625438512299	0.011425000395140486	0.007518763567043296	6e-06	0.0039345786	0.0062086491217478255	0.014869824718112755	0.014872554676147155	0.012177424776047184	0.0039425534	0.0	0.007835143000000001	0.02086687136844631	0.011806788600000001	0.007865157600000002	0.011784178500000003
C3fn	74288	0.010369246121413576	0.0055304004157552735	0.010406698948975307	0.005034652368806238	0.005353544547870852	0.011447299858566573	0.009730606936392721	0.00816579452429514	0.008096983218536292	0.00478068899480104	0.010095977938028591	0.005461353441431713	0.007290239780305908	0.006736925842825718	0.010025056286374087	0.0060564139985401465	0.008203660265960212	0.008842126768786243	0.006134902101869253	0.010227988471091564	0.003907983558084192	0.009242414880213958	0.010980996642712916	0.010998728436619015	0.010500522847780887	0.013950795896761296	0.009331443716924922	0.00947707704955009	0.01468314957268273	0.011594296386461353	0.007831143	0.0039065644	0.006180634921747825	0.014846826911555379	0.014848545474647604	0.020008567776047183	0.0117736964	0.007835143000000001	0.0	0.020846857168446312	0.0117907744	0.0078371434	0.0117561643
C15-C15ed-C15ax	74575	0.023400974489859887	0.018567490375724128	0.023438427317421618	0.018073046604079185	0.01838995084514563	0.024479028227012884	0.02276233530483903	0.021197522892741454	0.021129467435812836	0.01781901284415117	0.023130165568696237	0.018496744277384528	0.017254962232767016	0.0171413854925439	0.023058904019011138	0.019088142366986457	0.02123538863440652	0.021873855137232553	0.019169186048084454	0.023260218838738196	0.01694392750497266	0.02227414324866027	0.02401323660652108	0.024030456805065326	0.02353843754169701	0.026988627423944114	0.02236317208537123	0.0225088054179964	0.009442706689734182	0.013350107801403013	0.02086287136844631	0.016946292768446312	0.019220363290194133	0.02788153888655907	0.027884268844593465	0.0330402961444935	0.024805424768446313	0.02086687136844631	0.020846857168446312	0.0	0.02482250276844631	0.02087687176844631	0.024795892668446305
C62	74209	0.014341515734209736	0.009510696620573827	0.014378871790802761	0.009016630302339531	0.009332801103488605	0.015419281724060378	0.013702954595980804	0.012137861440031997	0.012070079328434314	0.008762578945930813	0.01407165292921124	0.009438795282183563	0.011264069125182446	0.010710473252644733	0.014000114662541236	0.010028964708029197	0.012175669556852944	0.012813944134433113	0.010111649861005597	0.01420062687397041	0.007886898631136887	0.013214264439422115	0.014953608256307477	0.014970508396311106	0.014481751414594162	0.017931875723070773	0.013303200083694892	0.013448722649550087	0.018657123739826018	0.015567853795280473	0.0118027886	0.00789021	0.010164280521747825	0.018825456118112753	0.018828186076147155	0.023980213376047187	0.015745342	0.011806788600000001	0.0117907744	0.02482250276844631	0.0	0.011820789000000002	0.015739809900000002
C65	74208	0.010399260721413575	0.005557513886094171	0.010436713548975308	0.005061646372925415	0.005382089935555777	0.011477314458566574	0.009760621536392722	0.008195809124295142	0.00812714898830234	0.004807330269466107	0.01012414809136259	0.005490452424555089	0.007320254380305908	0.006766940442825717	0.010054005206078177	0.006086428598540147	0.008233674865960213	0.008872141368786245	0.006163209784636145	0.010258003071091565	0.003936944263473652	0.009272429480213958	0.011011011242712917	0.011028743036619014	0.010526371714074369	0.013976511416393441	0.009361458316924923	0.00950709164955009	0.014713164172682732	0.011624310986461354	0.007861157600000002	0.003934579	0.006206321754524548	0.014876513642702918	0.014878323345666298	0.020038582376047186	0.011803711000000001	0.007865157600000002	0.0078371434	0.02087687176844631	0.011820789000000002	0.0	0.0117801789
C50a	74225	0.014318281621413577	0.009477340944246725	0.01435573444897531	0.008980580090361928	0.009300885125839667	0.015396335358566576	0.013679642436392723	0.012114830024295142	0.01204616988830234	0.008727213397020598	0.00921834250080976	0.00940947332455509	0.01123927528030591	0.01068596134282572	0.013972490266829951	0.010005449498540148	0.012152695765960213	0.012791162268786245	0.009071379261085566	0.014177023971091565	0.007855965163473654	0.01319145038021396	0.014930032142712917	0.014947763936619016	0.007525468562934826	0.0070119695602159126	0.013280479216924924	0.013426112549550092	0.018632185072682734	0.015543331886461356	0.011780178500000002	0.007853599900000001	0.01012301488730127	0.01879553454270292	0.0187973442456663	0.023957603276047186	0.015722731900000002	0.011784178500000003	0.0117561643	0.024795892668446305	0.015739809900000002	0.0117801789	0.0
