C3/C1-C3v-C1q-C1n-C1cq	74118	0	1.0	0.9195124146275612	0.1738406539836504	0.9187720306992325	0.5338839834804956	0.3420463181472741	0.22429327120186393	0.6577802665920023	1.0	1.0	0.6837479063023424	0.9033224169395765	1.0	1.0	1.0	0.7362865928351792	0.8594735131621709	0.9264818379540511	0.4859154225373239	0.5768805779855504	0.778306650800476	1.0	0.4340713185736285	0.6833579160520987	0.8269143271418214	0.5915742948996785	0.8281151565453037	1.0	0.8594728105437891	0.5338793224135517	0.8594728105437891	1.0	0.8193936121277574	1.0	1.0	0.8336666533338667	0.8307759228427005	0.8477745667629971	0.8077857664270072	0.84360625574977	1.0	0.8594721079183812
C21	74000	1.0	0	0.3080603790943136	1.0	0.1955980440195598	0.6627550586741199	1.0	1.0	1.0	0.6288218558907206	1.0	1.0	0.22019779802201978	1.0	0.8655920161197582	0.8391524127138092	1.0	1.0	0.3282367176328237	1.0	1.0	1.0	1.0	1.0	1.0	1.0	1.0	1.0	1.0	1.0	0.4727826360868196	1.0	1.0	1.0	1.0	1.0	1.0	1.0	1.0	1.0	1.0	1.0	1.0
C21-C21u-C3-C21w-C21v	74131	0.9195124146275612	0.3080603790943136	0	0.919512012199695	0.22757931051723707	0.5822725318240453	0.9195132194712211	0.9195124146275612	0.9195124146275612	0.628827423451531	1.0	0.919512012199695	0.22757931051723707	1.0	0.8655940321790346	0.8391548253552393	0.919512012199695	1.0	0.2547286317842054	0.9195124146275612	0.919512012199695	0.9195124146275612	1.0	0.9195116097678047	0.919512012199695	0.9674408139796505	0.9195128170514032	0.9686409407717769	1.0	1.0	0.39230215395692086	1.0	1.0	0.9599208015839683	1.0	1.0	0.9741910323587056	0.9713010044648437	0.9195124146275612	0.9195124146275612	0.984130634774609	1.0	1.0
C3/C3v/C1-C1q-C1n	73879	0.1738406539836504	1.0	0.919512012199695	0	0.9187716245675086	0.6731581710457238	0.25611603593874216	0.29771755706107345	0.6042298942526437	1.0	1.0	0.6301973960520789	0.9033219335613287	1.0	1.0	1.0	0.6827363452730946	0.8059238815223696	0.9264814703705926	0.5593110172245694	0.5768784624307514	0.7247568810779731	1.0	0.4790778138327925	0.6298074038519229	0.7733645327093458	0.6731598052058438	0.7745656358591035	1.0	0.8059229111563326	0.6731549026764598	0.8059229111563326	1.0	0.7658435123473147	1.0	1.0	0.7801176958806442	0.777226683199504	0.8477738056548586	0.8077848053798655	0.7900573479928202	1.0	0.8059219407805922
C21-C3-C21ag-C21af	74017	0.9187720306992325	0.1955980440195598	0.22757931051723707	0.9187716245675086	0	0.5815304617384566	0.9187728429504968	0.9187720306992325	0.9187720306992325	0.6288255676164858	1.0	0.9187716245675086	0.13897722045559088	1.0	0.8655933601659959	0.8391540211494712	0.9187716245675086	1.0	0.25472490550189	0.9187720306992325	0.9187716245675086	0.91883202919927	1.0	0.9187712184317235	0.9187716245675086	0.9674406511869763	0.9187724368268952	0.9686407839804005	1.0	1.0	0.3915591266131008	1.0	1.0	0.9599206011909821	1.0	1.0	0.9741909033183839	0.9713008609741708	0.9187720306992325	0.9187720306992325	0.9841305554305599	1.0	1.0
C3/C21/C3av-C3at-C3b-C3dp	73890	0.5338839834804956	0.6627550586741199	0.5822725318240453	0.6731581710457238	0.5815304617384566	0	0.7928782848686052	0.5110346689599312	0.7983060508184755	0.6627567448651027	1.0	0.8242743931401715	0.5660808479788005	1.0	0.8655940321790346	0.8391548253552393	0.8768130796730081	1.0	0.5892402689932752	0.5997620071397858	0.715147121321967	0.9188324350269492	1.0	0.5745985080298394	0.8238844028899277	0.9674408139796505	0.5915742948996785	0.9686409407717769	1.0	1.0	0.18997620047599048	1.0	1.0	0.9599208015839683	1.0	1.0	0.9741910323587056	0.9713010044648437	0.852094437166885	0.8669439916802496	0.984130634774609	1.0	1.0
C3/C1n/C3v/C1-C1q-C89-C3az-C1aa	73889	0.3420463181472741	1.0	0.9195132194712211	0.25611603593874216	0.9187728429504968	0.7928782848686052	0	0.45680172793088275	0.6967221311147554	1.0	1.0	0.7226897058602949	0.9033233836815712	1.0	1.0	1.0	0.7752278670246542	0.8984135555255566	0.9264825731099412	0.6912923483060678	0.6912908048218313	0.8172473101075957	1.0	0.6912892613221603	0.7222997195098172	0.865854695085672	0.7928793204305806	0.8670553177872885	1.0	0.8984130476085718	0.7928762137135886	0.8984130476085718	1.0	0.8583342499725009	1.0	1.0	0.872606369681516	0.8697158627861746	0.8477760889564417	0.8077876884924603	0.8825458727063646	1.0	0.8984125396865078
C3/C1-C1n-C3v-C1q-C3fh	74154	0.22429327120186393	1.0	0.9195124146275612	0.29771755706107345	0.9187720306992325	0.5110346689599312	0.45680172793088275	0	0.6268311950641481	1.0	1.0	0.6527986800329991	0.9033224169395765	1.0	1.0	1.0	0.7053373665658359	0.8285242868928276	0.9264818379540511	0.4859154225373239	0.5768805779855504	0.7473575792726218	1.0	0.40312193756124876	0.6524086897827555	0.7959651008724782	0.5915742948996785	0.7971660850174495	1.0	0.8285234295314093	0.5272194556108878	0.8285234295314093	1.0	0.7884442311153776	1.0	1.0	0.8027178912843487	0.7998270060547881	0.8477745667629971	0.8077857664270072	0.812657493700252	1.0	0.8285225721614176
C1/C42.2/C3-C1b	74155	0.6577802665920023	1.0	0.9195124146275612	0.6042298942526437	0.9187720306992325	0.7983060508184755	0.6967221311147554	0.6268311950641481	0	1.0	1.0	0.3645758856028599	0.9033224169395765	0.8819117713234301	1.0	1.0	0.4770230744231394	0.5914202144946377	0.9264818379540511	0.6844594662160135	0.6600384990375241	0.5671729848104556	0.9096222594435139	0.4466410671786564	0.423334416639584	0.5706407339816505	0.7983070592529261	0.40494785156445307	1.0	0.6483370332593348	0.7983040339193216	0.6483370332593348	0.6714349284760729	0.2117757644847103	1.0	1.0	0.4613115475380985	0.46508872189473366	0.8477745667629971	0.8077857664270072	0.4740210391584337	1.0	0.6483352749708754
C21ai/C21	74028	1.0	0.6288218558907206	0.628827423451531	1.0	0.6288255676164858	0.6627567448651027	1.0	1.0	1.0	0	1.0	1.0	0.6288255676164858	1.0	0.865592688146237	0.8391532169356613	1.0	1.0	0.6288255676164858	1.0	1.0	1.0	1.0	1.0	1.0	1.0	1.0	1.0	1.0	1.0	0.6288237117628823	1.0	1.0	1.0	1.0	1.0	1.0	1.0	1.0	1.0	1.0	1.0	1.0
C3fn	74288	1.0	1.0	1.0	1.0	1.0	1.0	1.0	1.0	1.0	1.0	0	1.0	1.0	1.0	1.0	1.0	1.0	1.0	1.0	1.0	1.0	1.0	1.0	1.0	1.0	1.0	1.0	1.0	1.0	1.0	1.0	1.0	1.0	1.0	1.0	1.0	1.0	1.0	1.0	1.0	1.0	1.0	1.0
C1/C1b/C3-C1u-C1bo	74032	0.6837479063023424	1.0	0.919512012199695	0.6301973960520789	0.9187716245675086	0.8242743931401715	0.7226897058602949	0.6527986800329991	0.3645758856028599	1.0	1.0	0	0.9033219335613287	0.7034329656703433	1.0	1.0	0.4870702585948281	0.617197656046879	0.9264814703705926	0.7104272393190171	0.6860062798744025	0.5772205694857628	1.0	0.482657760133598	0.43377132457350853	0.5806883862322754	0.8242752717418478	0.6215194620134497	1.0	0.6583851242231367	0.8242726359104613	0.6583851242231367	1.0	0.550386744198837	1.0	1.0	0.6534621288254912	0.6700898973030809	0.8477738056548586	0.8077848053798655	0.5390461333853315	1.0	0.6583834161658383
C21-C21am-C3	74165	0.9033224169395765	0.22019779802201978	0.22757931051723707	0.9033219335613287	0.13897722045559088	0.5660808479788005	0.9033233836815712	0.9033224169395765	0.9033224169395765	0.6288255676164858	1.0	0.9033219335613287	0	1.0	0.8655933601659959	0.8391540211494712	0.9033219335613287	1.0	0.25472490550189	0.9033224169395765	0.9033219335613287	0.91883202919927	1.0	0.9033214501782473	0.9033219335613287	0.9674406511869763	0.9033229003129906	0.9686407839804005	1.0	1.0	0.3761093583596246	1.0	1.0	0.9599206011909821	1.0	1.0	0.9741909033183839	0.9713008609741708	0.9033224169395765	0.9033224169395765	0.9841305554305599	1.0	1.0
C1b	74678	1.0	1.0	1.0	1.0	1.0	1.0	1.0	1.0	0.8819117713234301	1.0	1.0	0.7034329656703433	1.0	0	1.0	1.0	0.951870481295187	0.958810411895881	1.0	1.0	1.0	1.0	1.0	1.0	0.9511104888951111	0.954860451395486	1.0	0.9422208666869997	1.0	1.0	1.0	1.0	1.0	0.932080339598302	1.0	1.0	0.9287017824554387	0.8943821123577529	1.0	1.0	0.8965225869353266	1.0	1.0
C17d/C31-C21-C17f-C17e-C21ac	73910	1.0	0.8655920161197582	0.8655940321790346	1.0	0.8655933601659959	0.8655940321790346	1.0	1.0	1.0	0.865592688146237	1.0	1.0	0.8655933601659959	1.0	0	0.5412737617871464	1.0	1.0	0.8655933601659959	1.0	1.0	1.0	1.0	1.0	1.0	1.0	1.0	1.0	1.0	1.0	0.865592688146237	1.0	1.0	1.0	1.0	1.0	1.0	1.0	1.0	1.0	1.0	1.0	1.0
C31-C21-C31d-C21ac-C21aj	74040	1.0	0.8391524127138092	0.8391548253552393	1.0	0.8391540211494712	0.8391548253552393	1.0	1.0	1.0	0.8391532169356613	1.0	1.0	0.8391540211494712	1.0	0.5412737617871464	0	1.0	1.0	0.8391540211494712	1.0	1.0	1.0	1.0	1.0	1.0	1.0	1.0	1.0	1.0	1.0	0.8391532169356613	1.0	1.0	1.0	1.0	1.0	1.0	1.0	1.0	1.0	1.0	1.0	1.0
C50b/C1/C3-C1c-C1b	73913	0.7362865928351792	1.0	0.919512012199695	0.6827363452730946	0.9187716245675086	0.8768130796730081	0.7752278670246542	0.7053373665658359	0.4770230744231394	1.0	1.0	0.4870702585948281	0.9033219335613287	0.951870481295187	1.0	1.0	0	0.5237095258094838	0.9264814703705926	0.7629659258518537	0.7385452290954181	0.5001324966875829	1.0	0.5150172747408789	0.39358212835743284	0.4872002559948801	0.8768136955891324	0.6311692207694808	1.0	0.6382054269185963	0.8768118478222827	0.6382054269185963	1.0	0.5499967500487493	1.0	1.0	0.6766313179038733	0.7275781726548204	0.8477738056548586	0.8176545586360341	0.5009074682386117	1.0	0.6382036179638204
C1/C1c-C1b-C1al-C42.2	74554	0.8594735131621709	1.0	1.0	0.8059238815223696	1.0	1.0	0.8984135555255566	0.8285242868928276	0.5914202144946377	1.0	1.0	0.617197656046879	1.0	0.958810411895881	1.0	1.0	0.5237095258094838	0	1.0	0.8861528461788455	0.8617327653446931	0.390995225119372	0.9842703145937082	0.42540861887071696	0.2112057758844823	0.126067478650427	1.0	0.6537386565335866	1.0	0.6077658835117473	1.0	0.45552816707749383	0.984270157298427	0.5730964035539466	1.0	1.0	0.6936507222247221	0.7474875753727388	0.9668208294792631	0.940841478963026	0.1999480018199363	1.0	0.3017869821301787
C21-C21an-C21ao-C3	74172	0.9264818379540511	0.3282367176328237	0.2547286317842054	0.9264814703705926	0.25472490550189	0.5892402689932752	0.9264825731099412	0.9264818379540511	0.9264818379540511	0.6288255676164858	1.0	0.9264814703705926	0.25472490550189	1.0	0.8655933601659959	0.8391540211494712	0.9264814703705926	1.0	0	0.9264818379540511	0.9264814703705926	0.9264818379540511	1.0	0.9264811027834583	0.9264814703705926	0.9674406511869763	0.926482205533834	0.9686407839804005	1.0	1.0	0.3992690109648355	1.0	1.0	0.9599206011909821	1.0	1.0	0.9741909033183839	0.9713008609741708	0.9264818379540511	0.9264818379540511	0.9841305554305599	1.0	1.0
C3/C3u/C3fq/C115-C1	74173	0.4859154225373239	1.0	0.9195124146275612	0.5593110172245694	0.9187720306992325	0.5997620071397858	0.6912923483060678	0.4859154225373239	0.6844594662160135	1.0	1.0	0.7104272393190171	0.9033224169395765	1.0	1.0	1.0	0.7629659258518537	0.8861528461788455	0.9264818379540511	0	0.2715782105447364	0.8049858504244872	1.0	0.48591028179436413	0.7100372490687733	0.853593660158496	0.5997640082597109	0.8547943561693149	1.0	0.8861522769544609	0.5997580048399032	0.8861522769544609	1.0	0.8460730785384293	1.0	1.0	0.860345586176553	0.8574549890753823	0.8477745667629971	0.8077857664270072	0.8702851885924563	1.0	0.8861517077243841
C3u/C3-C115-C1	74174	0.5768805779855504	1.0	0.919512012199695	0.5768784624307514	0.9187716245675086	0.715147121321967	0.6912908048218313	0.5768805779855504	0.6600384990375241	1.0	1.0	0.6860062798744025	0.9033219335613287	1.0	1.0	1.0	0.7385452290954181	0.8617327653446931	0.9264814703705926	0.2715782105447364	0	0.7805654858628535	1.0	0.5768763468547972	0.6856162876742465	0.8291734165316693	0.7151485455436337	0.8303742406439839	1.0	0.8617320740188897	0.7151442728359074	0.8617320740188897	1.0	0.8216526752098718	1.0	1.0	0.835925742599009	0.8330350089497315	0.8477738056548586	0.8077848053798655	0.8458653947111852	1.0	0.8617313826861731
C1-C1av-C1aw-C3ct-C3-C1c	74176	0.778306650800476	1.0	0.9195124146275612	0.7247568810779731	0.91883202919927	0.9188324350269492	0.8172473101075957	0.7473575792726218	0.5671729848104556	1.0	1.0	0.5772205694857628	0.91883202919927	1.0	1.0	1.0	0.5001324966875829	0.390995225119372	0.9264818379540511	0.8049858504244872	0.7805654858628535	0	1.0	0.3667326653466931	0.30982725431864205	0.35843603909902255	0.9188328408505703	0.6792996210113696	1.0	0.6077678446431072	0.9188316233675327	0.45553088938221237	1.0	0.5899382012359753	1.0	1.0	0.7247610095596176	0.7757078502252421	0.8856534303970881	0.8596742097737068	0.375134994600216	1.0	0.4478982815257771
C8c/C8f-C42.2-C8e-C8	74181	1.0	1.0	1.0	1.0	1.0	1.0	1.0	1.0	0.9096222594435139	1.0	1.0	1.0	1.0	1.0	1.0	1.0	1.0	0.9842703145937082	1.0	1.0	1.0	1.0	0	1.0	1.0	1.0	1.0	0.9096222594435139	1.0	1.0	1.0	1.0	0.909620903790962	0.9096213556796648	1.0	1.0	0.9096231631892884	0.9096227113186605	1.0	1.0	0.9450219242326519	1.0	1.0
C1/C3	74054	0.4340713185736285	1.0	0.9195116097678047	0.4790778138327925	0.9187712184317235	0.5745985080298394	0.6912892613221603	0.40312193756124876	0.4466410671786564	1.0	1.0	0.482657760133598	0.9033214501782473	1.0	1.0	1.0	0.5150172747408789	0.42540861887071696	0.9264811027834583	0.48591028179436413	0.5768763468547972	0.3667326653466931	1.0	0	0.24929126063109053	0.39284910726339106	0.5915702107447314	0.6792964140717186	1.0	0.6077639223607764	0.5745942540574595	0.45552544474555257	1.0	0.5899341006589934	1.0	1.0	0.7247582572522824	0.775705607359816	0.8477730445391092	0.8077838443231136	0.40954771356859293	1.0	0.42540287298563506
C1/C3/C1c-C1b-C72k	74569	0.6833579160520987	1.0	0.919512012199695	0.6298074038519229	0.9187716245675086	0.8238844028899277	0.7222997195098172	0.6524086897827555	0.423334416639584	1.0	1.0	0.43377132457350853	0.9033219335613287	0.9511104888951111	1.0	1.0	0.39358212835743284	0.2112057758844823	0.9264814703705926	0.7100372490687733	0.6856162876742465	0.30982725431864205	1.0	0.24929126063109053	0	0.15252694946101078	0.8238852834414968	0.6304092397690058	1.0	0.6077658835117473	0.8238826417603736	0.45552816707749383	1.0	0.5410468842967355	1.0	1.0	0.6758713445029424	0.7268181954541364	0.8477738056548586	0.8077848053798655	0.24015659451919183	1.0	0.38265617343826563
C1/C3-C1c-C1b-C72k-C1w	74570	0.8269143271418214	1.0	0.9674408139796505	0.7733645327093458	0.9674406511869763	0.9674408139796505	0.865854695085672	0.7959651008724782	0.5706407339816505	1.0	1.0	0.5806883862322754	0.9674406511869763	0.954860451395486	1.0	1.0	0.4872002559948801	0.126067478650427	0.9674406511869763	0.853593660158496	0.8291734165316693	0.35843603909902255	1.0	0.39284910726339106	0.15252694946101078	0	0.9674409767706968	0.6341591460213495	1.0	0.6077658835117473	0.9674404883926742	0.45552816707749383	1.0	0.5523167152492713	1.0	1.0	0.679621213257536	0.7305680829575113	0.9342616434589135	0.9082822929426765	0.19585814496492623	1.0	0.25278747212527874
C3-C3de-C3bb-C21ae-C3an-C3s-C3dk	73930	0.5915742948996785	1.0	0.9195128170514032	0.6731598052058438	0.9187724368268952	0.5915742948996785	0.7928793204305806	0.5915742948996785	0.7983070592529261	1.0	1.0	0.8242752717418478	0.9033229003129906	1.0	1.0	1.0	0.8768136955891324	1.0	0.926482205533834	0.5997640082597109	0.7151485455436337	0.9188328408505703	1.0	0.5915702107447314	0.8238852834414968	0.9674409767706968	0	0.9686410975615853	1.0	1.0	0.5915702107447314	1.0	1.0	0.9599210019749507	1.0	1.0	0.9741911613977371	0.9713011479540818	0.8809541666041688	0.8669446569370072	0.9841307141178647	1.0	1.0
C1d/C1/C42.2-C1b-C3cg-C3	74062	0.8281151565453037	1.0	0.9686409407717769	0.7745656358591035	0.9686407839804005	0.9686409407717769	0.8670553177872885	0.7971660850174495	0.40494785156445307	1.0	1.0	0.6215194620134497	0.9686407839804005	0.9422208666869997	1.0	1.0	0.6311692207694808	0.6537386565335866	0.9686407839804005	0.8547943561693149	0.8303742406439839	0.6792996210113696	0.9096222594435139	0.6792964140717186	0.6304092397690058	0.6341591460213495	0.9686410975615853	0	1.0	0.7106557868842623	0.9686406271874562	0.7106557868842623	0.7834232486512702	0.40494190116197676	1.0	1.0	0.12709491620335187	0.5129270475533356	0.9354619361419158	0.9094827155185344	0.5820367185312587	1.0	0.7106543401848973
C15-C15ed-C15ax	74575	1.0	1.0	1.0	1.0	1.0	1.0	1.0	1.0	1.0	1.0	1.0	1.0	1.0	1.0	1.0	1.0	1.0	1.0	1.0	1.0	1.0	1.0	1.0	1.0	1.0	1.0	1.0	1.0	0	0.3922391164132538	1.0	1.0	1.0	1.0	1.0	1.0	1.0	1.0	1.0	1.0	1.0	1.0	1.0
C15/C1	74191	0.8594728105437891	1.0	1.0	0.8059229111563326	1.0	1.0	0.8984130476085718	0.8285234295314093	0.6483370332593348	1.0	1.0	0.6583851242231367	1.0	1.0	1.0	1.0	0.6382054269185963	0.6077658835117473	1.0	0.8861522769544609	0.8617320740188897	0.6077678446431072	1.0	0.6077639223607764	0.6077658835117473	0.6077658835117473	1.0	0.7106557868842623	0.3922391164132538	0	1.0	0.6077639223607764	1.0	0.6300136998630014	1.0	1.0	0.7505674829755107	0.804404889877753	0.9668206635867282	0.9408411831763365	0.6077717668469946	1.0	0.6077619611901941
C21/C3	74193	0.5338793224135517	0.4727826360868196	0.39230215395692086	0.6731549026764598	0.3915591266131008	0.18997620047599048	0.7928762137135886	0.5272194556108878	0.7983040339193216	0.6288237117628823	1.0	0.8242726359104613	0.3761093583596246	1.0	0.865592688146237	0.8391532169356613	0.8768118478222827	1.0	0.3992690109648355	0.5997580048399032	0.7151442728359074	0.9188316233675327	1.0	0.5745942540574595	0.8238826417603736	0.9674404883926742	0.5915702107447314	0.9686406271874562	1.0	1.0	0	1.0	1.0	0.9599204007959921	1.0	1.0	0.9741907742767717	0.9713007174820629	0.8809523809523809	0.8669426611467771	0.9841304760857175	1.0	1.0
C1/C93a	74199	0.8594728105437891	1.0	1.0	0.8059229111563326	1.0	1.0	0.8984130476085718	0.8285234295314093	0.6483370332593348	1.0	1.0	0.6583851242231367	1.0	1.0	1.0	1.0	0.6382054269185963	0.45552816707749383	1.0	0.8861522769544609	0.8617320740188897	0.45553088938221237	1.0	0.45552544474555257	0.45552816707749383	0.45552816707749383	1.0	0.7106557868842623	1.0	0.6077639223607764	1.0	0	1.0	0.6300136998630014	1.0	1.0	0.7505674829755107	0.804404889877753	0.9668206635867282	0.9408411831763365	0.4555363339099827	1.0	0.4555227223863881
C42.2	74200	1.0	1.0	1.0	1.0	1.0	1.0	1.0	1.0	0.6714349284760729	1.0	1.0	1.0	1.0	1.0	1.0	1.0	1.0	0.984270157298427	1.0	1.0	1.0	1.0	0.909620903790962	1.0	1.0	1.0	1.0	0.7834232486512702	1.0	1.0	1.0	1.0	0	0.5147124264378679	1.0	1.0	0.807844803879903	0.7949941001179976	1.0	1.0	0.9450213744656384	1.0	1.0
C42.2/C1-C1b-C3-C1au	74074	0.8193936121277574	1.0	0.9599208015839683	0.7658435123473147	0.9599206011909821	0.9599208015839683	0.8583342499725009	0.7884442311153776	0.2117757644847103	1.0	1.0	0.550386744198837	0.9599206011909821	0.932080339598302	1.0	1.0	0.5499967500487493	0.5730964035539466	0.9599206011909821	0.8460730785384293	0.8216526752098718	0.5899382012359753	0.9096213556796648	0.5899341006589934	0.5410468842967355	0.5523167152492713	0.9599210019749507	0.40494190116197676	1.0	0.6300136998630014	0.9599204007959921	0.6300136998630014	0.5147124264378679	0	1.0	1.0	0.44186674399768006	0.4746131346716332	0.9267414651706966	0.9007619847603048	0.49125526234212974	1.0	0.6300118499407503
C62	74209	1.0	1.0	1.0	1.0	1.0	1.0	1.0	1.0	1.0	1.0	1.0	1.0	1.0	1.0	1.0	1.0	1.0	1.0	1.0	1.0	1.0	1.0	1.0	1.0	1.0	1.0	1.0	1.0	1.0	1.0	1.0	1.0	1.0	1.0	0	1.0	1.0	1.0	1.0	1.0	1.0	1.0	1.0
C65	74208	1.0	1.0	1.0	1.0	1.0	1.0	1.0	1.0	1.0	1.0	1.0	1.0	1.0	1.0	1.0	1.0	1.0	1.0	1.0	1.0	1.0	1.0	1.0	1.0	1.0	1.0	1.0	1.0	1.0	1.0	1.0	1.0	1.0	1.0	1.0	0	1.0	1.0	1.0	1.0	1.0	1.0	1.0
C1d/C1/C42.2/C3-C1b-C3cg-C45c-C115k-C1au-C41p	74082	0.8336666533338667	1.0	0.9741910323587056	0.7801176958806442	0.9741909033183839	0.9741910323587056	0.872606369681516	0.8027178912843487	0.4613115475380985	1.0	1.0	0.6534621288254912	0.9741909033183839	0.9287017824554387	1.0	1.0	0.6766313179038733	0.6936507222247221	0.9741909033183839	0.860345586176553	0.835925742599009	0.7247610095596176	0.9096231631892884	0.7247582572522824	0.6758713445029424	0.679621213257536	0.9741911613977371	0.12709491620335187	1.0	0.7505674829755107	0.9741907742767717	0.7505674829755107	0.807844803879903	0.44186674399768006	1.0	1.0	0	0.492332845021974	0.9410123595056198	0.9150333986640534	0.6084295785210739	1.0	0.7505662358441039
C42a/C42.2/C1/C1b/C1j/C3-C1au	74092	0.8307759228427005	1.0	0.9713010044648437	0.777226683199504	0.9713008609741708	0.9713010044648437	0.8697158627861746	0.7998270060547881	0.46508872189473366	1.0	1.0	0.6700898973030809	0.9713008609741708	0.8943821123577529	1.0	1.0	0.7275781726548204	0.7474875753727388	0.9713008609741708	0.8574549890753823	0.8330350089497315	0.7757078502252421	0.9096227113186605	0.775705607359816	0.7268181954541364	0.7305680829575113	0.9713011479540818	0.5129270475533356	1.0	0.804404889877753	0.9713007174820629	0.804404889877753	0.7949941001179976	0.4746131346716332	1.0	1.0	0.492332845021974	0	0.9381221657241997	0.9121430749923752	0.6300866461009255	1.0	0.8044039119217615
C50c/C50a/C3/C1-C50f-C3b-C50u	74608	0.8477745667629971	1.0	0.9195124146275612	0.8477738056548586	0.9187720306992325	0.852094437166885	0.8477760889564417	0.8477745667629971	0.8477745667629971	1.0	1.0	0.8477738056548586	0.9033224169395765	1.0	1.0	1.0	0.8477738056548586	0.9668208294792631	0.9264818379540511	0.8477745667629971	0.8477738056548586	0.8856534303970881	1.0	0.8477730445391092	0.8477738056548586	0.9342616434589135	0.8809541666041688	0.9354619361419158	1.0	0.9668206635867282	0.8809523809523809	0.9668206635867282	1.0	0.9267414651706966	1.0	1.0	0.9410123595056198	0.9381221657241997	0	0.6252812415627531	0.9509519619215231	0.6532352014719779	0.9668204976925346
C3k/C50a/C3-C3ba-C1-C50y-C3dq-C50f	74609	0.8077857664270072	1.0	0.9195124146275612	0.8077848053798655	0.9187720306992325	0.8669439916802496	0.8077876884924603	0.8077857664270072	0.8077857664270072	1.0	1.0	0.8077848053798655	0.9033224169395765	1.0	1.0	1.0	0.8176545586360341	0.940841478963026	0.9264818379540511	0.8077857664270072	0.8077848053798655	0.8596742097737068	1.0	0.8077838443231136	0.8077848053798655	0.9082822929426765	0.8669446569370072	0.9094827155185344	1.0	0.9408411831763365	0.8669426611467771	0.9408411831763365	1.0	0.9007619847603048	1.0	1.0	0.9150333986640534	0.9121430749923752	0.6252812415627531	0	0.9249730010799568	0.8084428733568997	0.9408408873866893
C1-C1b-C1c-C42.2-C1br-C1bh-C1cb-C3	74610	0.84360625574977	1.0	0.984130634774609	0.7900573479928202	0.9841305554305599	0.984130634774609	0.8825458727063646	0.812657493700252	0.4740210391584337	1.0	1.0	0.5390461333853315	0.9841305554305599	0.8965225869353266	1.0	1.0	0.5009074682386117	0.1999480018199363	0.9841305554305599	0.8702851885924563	0.8458653947111852	0.375134994600216	0.9450219242326519	0.40954771356859293	0.24015659451919183	0.19585814496492623	0.9841307141178647	0.5820367185312587	1.0	0.6077717668469946	0.9841304760857175	0.4555363339099827	0.9450213744656384	0.49125526234212974	1.0	1.0	0.6084295785210739	0.6300866461009255	0.9509519619215231	0.9249730010799568	0	1.0	0.3346166345841354
C50a	74225	1.0	1.0	1.0	1.0	1.0	1.0	1.0	1.0	1.0	1.0	1.0	1.0	1.0	1.0	1.0	1.0	1.0	1.0	1.0	1.0	1.0	1.0	1.0	1.0	1.0	1.0	1.0	1.0	1.0	1.0	1.0	1.0	1.0	1.0	1.0	1.0	1.0	1.0	0.6532352014719779	0.8084428733568997	1.0	0	1.0
C1	73852	0.8594721079183812	1.0	1.0	0.8059219407805922	1.0	1.0	0.8984125396865078	0.8285225721614176	0.6483352749708754	1.0	1.0	0.6583834161658383	1.0	1.0	1.0	1.0	0.6382036179638204	0.3017869821301787	1.0	0.8861517077243841	0.8617313826861731	0.4478982815257771	1.0	0.42540287298563506	0.38265617343826563	0.25278747212527874	1.0	0.7106543401848973	1.0	0.6077619611901941	1.0	0.4555227223863881	1.0	0.6300118499407503	1.0	1.0	0.7505662358441039	0.8044039119217615	0.9668204976925346	0.9408408873866893	0.3346166345841354	1.0	0
