82
1          0.0000000 0.0038504 0.0117584 0.0038626 0.0117567 0.0238667 0.0119717 0.0077936 0.0117514 0.0077363 0.0077445 0.0116835 0.0239343 0.0116691 0.0079334 0.0038504 0.0198296 0.0077822 0.0038538 0.0119565 0.0197764 0.0077363 0.0038522 0.0077726 0.0197099 0.0077363 0.0116691 0.0117678 0.0077445 0.0077445 0.0116835 0.0160339 0.0160339 0.0198296 0.0157717 0.0077458 0.0077363 0.0118869 0.0079334 0.0160800 0.0119717 0.0157329 0.0077445 0.0280035 0.0198296 0.0116691 0.0077458 0.0157739 0.0077867 0.0077691 0.0077691 0.0077458 0.0077363 0.0080493 0.0116835 0.0077445 0.0116564 0.0120485 0.0116818 0.0119698 0.0197987 0.0120429 0.0120429 0.0156676 0.0242429 0.0120374 0.0077445 0.0117461 0.0157329 0.0117461 0.0116691 0.0198140 0.0119565 0.0039443 0.0157596 0.0116835 0.0117584 0.0286277 0.0157669 0.0077458 0.0077445 0.0116691 
2          0.0038504 0.0000000 0.0077491 0.0000010 0.0077479 0.0196574 0.0078879 0.0038520 0.0077445 0.0038245 0.0038285 0.0077001 0.0197124 0.0076909 0.0039211 0.0077867 0.0156795 0.0038469 0.0077936 0.0078781 0.0156381 0.0117332 0.0077903 0.0038422 0.0155863 0.0117332 0.0076909 0.0077553 0.0038285 0.0038285 0.0077001 0.0118840 0.0118840 0.0156795 0.0116923 0.0038291 0.0038245 0.0078325 0.0039211 0.0119177 0.0078879 0.0116639 0.0038285 0.0237217 0.0156795 0.0076909 0.0038291 0.0116940 0.0038487 0.0038405 0.0038405 0.0038291 0.0038245 0.0039772 0.0077001 0.0038285 0.0157155 0.0079368 0.0076989 0.0078866 0.0156554 0.0079334 0.0079334 0.0116165 0.0199630 0.0079297 0.0038285 0.0077410 0.0116639 0.0077410 0.0076909 0.0156676 0.0078781 0.0000010 0.0116835 0.0077001 0.0077491 0.0242429 0.0116888 0.0038291 0.0038285 0.0076909 
2051       0.0117584 0.0077491 0.0000000 0.0077737 0.0157743 0.0280211 0.0160643 0.0117637 0.0157669 0.0116761 0.0116888 0.0156748 0.0198642 0.0156554 0.0119772 0.0158553 0.0239463 0.0117460 0.0158698 0.0160438 0.0238815 0.0199108 0.0158624 0.0117314 0.0238004 0.0199108 0.0156554 0.0157889 0.0116888 0.0116888 0.0156748 0.0201711 0.0201711 0.0239463 0.0198392 0.0038445 0.0116761 0.0159499 0.0119772 0.0202302 0.0160643 0.0197901 0.0116888 0.0322079 0.0157988 0.0156554 0.0116905 0.0198418 0.0117531 0.0117261 0.0117261 0.0116905 0.0116761 0.0121515 0.0156748 0.0116888 0.0240033 0.0161689 0.0156727 0.0160620 0.0239088 0.0161611 0.0161611 0.0117032 0.0284663 0.0161538 0.0116888 0.0157600 0.0197901 0.0157600 0.0156554 0.0239271 0.0160438 0.0079381 0.0198236 0.0156748 0.0000010 0.0329321 0.0038181 0.0116905 0.0116888 0.0156554 
4          0.0038626 0.0000010 0.0077737 0.0000000 0.0077724 0.0197210 0.0078879 0.0038642 0.0077691 0.0038365 0.0038405 0.0077245 0.0197764 0.0077151 0.0039211 0.0078115 0.0157300 0.0038590 0.0078185 0.0078781 0.0156883 0.0117709 0.0078151 0.0038543 0.0156362 0.0117709 0.0077151 0.0077799 0.0038405 0.0038405 0.0077245 0.0118840 0.0118840 0.0157300 0.0117296 0.0038411 0.0038365 0.0078325 0.0039211 0.0119177 0.0078879 0.0117010 0.0038405 0.0237991 0.0157300 0.0077151 0.0038411 0.0117314 0.0038608 0.0038405 0.0038405 0.0038411 0.0038365 0.0039902 0.0077245 0.0038405 0.0157662 0.0079368 0.0077233 0.0078866 0.0157057 0.0079334 0.0079334 0.0116533 0.0199630 0.0079297 0.0038405 0.0077655 0.0117010 0.0077655 0.0077151 0.0157180 0.0078781 0.0000010 0.0117208 0.0077245 0.0077737 0.0242429 0.0117261 0.0038411 0.0038405 0.0077151 
5          0.0117567 0.0077479 0.0157743 0.0077724 0.0000000 0.0280180 0.0160620 0.0117620 0.0157647 0.0116743 0.0116870 0.0156727 0.0280978 0.0156532 0.0119753 0.0158531 0.0239435 0.0117442 0.0158676 0.0160416 0.0238786 0.0199082 0.0158601 0.0117296 0.0237975 0.0199082 0.0156532 0.0157867 0.0116870 0.0116870 0.0156727 0.0201684 0.0201684 0.0239435 0.0198366 0.0116888 0.0116743 0.0159477 0.0119753 0.0202276 0.0160620 0.0197876 0.0116870 0.0322047 0.0239435 0.0156532 0.0116888 0.0198392 0.0117514 0.0117243 0.0117243 0.0116888 0.0116743 0.0121497 0.0156727 0.0116870 0.0240005 0.0161666 0.0156705 0.0160597 0.0239060 0.0161588 0.0161588 0.0197040 0.0284632 0.0161515 0.0116870 0.0116056 0.0197876 0.0157578 0.0156532 0.0239242 0.0160416 0.0079368 0.0198210 0.0156727 0.0157743 0.0329288 0.0198306 0.0116888 0.0116870 0.0156532 
517        0.0238667 0.0196574 0.0280211 0.0197210 0.0280180 0.0000000 0.0201318 0.0238786 0.0280035 0.0236948 0.0156240 0.0196421 0.0321939 0.0196176 0.0160109 0.0281657 0.0280066 0.0157006 0.0281920 0.0201061 0.0038208 0.0323379 0.0281774 0.0156811 0.0278349 0.0323379 0.0277999 0.0280422 0.0237217 0.0237217 0.0278349 0.0242668 0.0242668 0.0280066 0.0238667 0.0237246 0.0236948 0.0199883 0.0160109 0.0243391 0.0201318 0.0157086 0.0237217 0.0038175 0.0280066 0.0116512 0.0237246 0.0322208 0.0238567 0.0237991 0.0237991 0.0237246 0.0236948 0.0161490 0.0196421 0.0237217 0.0365474 0.0202641 0.0196395 0.0201292 0.0038181 0.0202541 0.0202541 0.0237057 0.0326144 0.0202452 0.0156240 0.0197499 0.0238076 0.0197499 0.0196176 0.0279837 0.0201061 0.0201479 0.0238476 0.0196421 0.0280211 0.0371420 0.0322079 0.0237246 0.0156240 0.0196176 
38924      0.0119717 0.0078879 0.0160643 0.0078879 0.0160620 0.0201318 0.0000000 0.0119772 0.0160544 0.0118858 0.0039183 0.0078821 0.0201896 0.0078723 0.0039183 0.0161461 0.0160566 0.0039376 0.0161611 0.0078723 0.0243207 0.0202775 0.0161533 0.0039319 0.0159589 0.0202775 0.0159387 0.0160771 0.0118988 0.0118988 0.0159589 0.0118751 0.0118751 0.0160566 0.0119717 0.0119005 0.0118858 0.0039183 0.0039183 0.0039343 0.0078821 0.0078723 0.0118988 0.0242979 0.0160566 0.0078723 0.0119005 0.0202058 0.0119662 0.0118988 0.0118988 0.0119005 0.0118858 0.0123794 0.0078821 0.0118988 0.0244472 0.0079310 0.0078808 0.0078808 0.0160313 0.0079275 0.0079275 0.0118916 0.0118621 0.0079239 0.0039183 0.0079239 0.0119419 0.0079239 0.0078723 0.0160441 0.0078723 0.0078879 0.0119625 0.0078821 0.0160643 0.0160033 0.0201969 0.0119005 0.0039183 0.0078723 
15         0.0077936 0.0038520 0.0117637 0.0038642 0.0117620 0.0238786 0.0119772 0.0000000 0.0117567 0.0077396 0.0077479 0.0116888 0.0239463 0.0116743 0.0079368 0.0118218 0.0198392 0.0077856 0.0118325 0.0119620 0.0197860 0.0158354 0.0118272 0.0077760 0.0197194 0.0158354 0.0116743 0.0117731 0.0077479 0.0077479 0.0116888 0.0160416 0.0160416 0.0198392 0.0157791 0.0077491 0.0077396 0.0118923 0.0079368 0.0160877 0.0119772 0.0157403 0.0077479 0.0280180 0.0198392 0.0116743 0.0077491 0.0157813 0.0077900 0.0077724 0.0077724 0.0077491 0.0077396 0.0080529 0.0116888 0.0077479 0.0198857 0.0120541 0.0116870 0.0119753 0.0198083 0.0120485 0.0120485 0.0156748 0.0242552 0.0120429 0.0077479 0.0117514 0.0157403 0.0117514 0.0116743 0.0198236 0.0119620 0.0039459 0.0157669 0.0116888 0.0117637 0.0286429 0.0157743 0.0077491 0.0077479 0.0116743 
38928      0.0117514 0.0077445 0.0157669 0.0077691 0.0157647 0.0280035 0.0160544 0.0117567 0.0000000 0.0116691 0.0116818 0.0156654 0.0280832 0.0156459 0.0119698 0.0158456 0.0239315 0.0117389 0.0158601 0.0160339 0.0238667 0.0198986 0.0158527 0.0117243 0.0237857 0.0198986 0.0156459 0.0157793 0.0038471 0.0116818 0.0077389 0.0201585 0.0201585 0.0239315 0.0198270 0.0116835 0.0116691 0.0159401 0.0119698 0.0202175 0.0160544 0.0197780 0.0116818 0.0321875 0.0239315 0.0156459 0.0116835 0.0198296 0.0117461 0.0117191 0.0117191 0.0116835 0.0116691 0.0121440 0.0156654 0.0116818 0.0239884 0.0161588 0.0156632 0.0160521 0.0238940 0.0161510 0.0161510 0.0196945 0.0284482 0.0161437 0.0116818 0.0157504 0.0197780 0.0157504 0.0156459 0.0239123 0.0160339 0.0079334 0.0198114 0.0156654 0.0157669 0.0329107 0.0198210 0.0116835 0.0116818 0.0156459 
20         0.0077363 0.0038245 0.0116761 0.0038365 0.0116743 0.0236948 0.0118858 0.0077396 0.0116691 0.0000000 0.0076909 0.0116022 0.0237615 0.0115872 0.0078781 0.0117332 0.0196878 0.0077279 0.0117438 0.0118710 0.0196354 0.0157155 0.0117385 0.0077186 0.0195698 0.0157155 0.0115872 0.0116853 0.0076909 0.0076909 0.0116022 0.0159185 0.0159185 0.0196878 0.0156601 0.0076921 0.0076828 0.0118021 0.0078781 0.0159639 0.0118858 0.0156219 0.0076909 0.0277999 0.0196878 0.0115872 0.0076921 0.0156622 0.0077327 0.0077151 0.0077151 0.0076921 0.0076828 0.0079909 0.0116022 0.0076909 0.0197336 0.0119620 0.0115995 0.0118840 0.0196574 0.0119565 0.0119565 0.0155574 0.0240655 0.0119510 0.0076909 0.0116639 0.0156219 0.0116639 0.0115872 0.0196725 0.0118710 0.0039165 0.0156481 0.0116022 0.0116761 0.0284147 0.0156554 0.0076921 0.0076909 0.0115872 
32         0.0077445 0.0038285 0.0116888 0.0038405 0.0116870 0.0156240 0.0039183 0.0077479 0.0116818 0.0076909 0.0000000 0.0038258 0.0156676 0.0038212 0.0000010 0.0117461 0.0116835 0.0000010 0.0117567 0.0039134 0.0196574 0.0157329 0.0117514 0.0000010 0.0116148 0.0157329 0.0115995 0.0116980 0.0076989 0.0076989 0.0116148 0.0078710 0.0078710 0.0116835 0.0077445 0.0077001 0.0076909 0.0038909 0.0000010 0.0078920 0.0039183 0.0077250 0.0076989 0.0196395 0.0116835 0.0038212 0.0077001 0.0156795 0.0077410 0.0077233 0.0077233 0.0077001 0.0076909 0.0079995 0.0038258 0.0076989 0.0197558 0.0039424 0.0038251 0.0039176 0.0116656 0.0039408 0.0039408 0.0076946 0.0158650 0.0039389 0.0000010 0.0038453 0.0077250 0.0038453 0.0038212 0.0116748 0.0039134 0.0039211 0.0077389 0.0038258 0.0116888 0.0200672 0.0156727 0.0077001 0.0000010 0.0038212 
35         0.0116835 0.0077001 0.0156748 0.0077245 0.0156727 0.0196421 0.0078821 0.0116888 0.0156654 0.0116022 0.0038258 0.0000000 0.0116980 0.0076854 0.0039183 0.0157526 0.0077541 0.0038442 0.0157669 0.0078723 0.0237246 0.0197806 0.0157596 0.0038395 0.0155745 0.0197806 0.0155553 0.0156871 0.0116148 0.0116148 0.0155745 0.0118751 0.0118751 0.0077541 0.0116835 0.0116165 0.0116022 0.0078268 0.0039183 0.0119086 0.0078821 0.0116552 0.0116148 0.0237029 0.0156676 0.0076854 0.0038331 0.0117067 0.0116783 0.0116516 0.0116516 0.0116165 0.0116022 0.0120715 0.0076946 0.0116148 0.0238448 0.0079310 0.0076934 0.0078808 0.0156434 0.0079275 0.0079275 0.0116079 0.0199472 0.0079239 0.0038258 0.0077353 0.0116552 0.0077353 0.0076854 0.0077484 0.0078723 0.0078879 0.0038517 0.0076946 0.0156748 0.0242232 0.0197040 0.0116165 0.0038258 0.0076854 
37         0.0239343 0.0197124 0.0198642 0.0197764 0.0280978 0.0321939 0.0201896 0.0239463 0.0280832 0.0237615 0.0156676 0.0116980 0.0000000 0.0196725 0.0160566 0.0282464 0.0038355 0.0157446 0.0282728 0.0201638 0.0364600 0.0324308 0.0282581 0.0157249 0.0279137 0.0324308 0.0278784 0.0281221 0.0237885 0.0237885 0.0279137 0.0243367 0.0243367 0.0116446 0.0155953 0.0156991 0.0237615 0.0200453 0.0160566 0.0244095 0.0201896 0.0238749 0.0237885 0.0364257 0.0038355 0.0196725 0.0156991 0.0077196 0.0239242 0.0238663 0.0238663 0.0237914 0.0237615 0.0162911 0.0196971 0.0237885 0.0366528 0.0203227 0.0196945 0.0201869 0.0280422 0.0203126 0.0119059 0.0156871 0.0327089 0.0203036 0.0156676 0.0198055 0.0238749 0.0198055 0.0196725 0.0116360 0.0201638 0.0202058 0.0077129 0.0196971 0.0198642 0.0372508 0.0239738 0.0237914 0.0156676 0.0196725 
9767       0.0116691 0.0076909 0.0156554 0.0077151 0.0156532 0.0196176 0.0078723 0.0116743 0.0156459 0.0115872 0.0038212 0.0076854 0.0196725 0.0000000 0.0039134 0.0157329 0.0156481 0.0038395 0.0157472 0.0078625 0.0236948 0.0197558 0.0157399 0.0038349 0.0155553 0.0197558 0.0155361 0.0156676 0.0115995 0.0115995 0.0155553 0.0118603 0.0118603 0.0156481 0.0116691 0.0116022 0.0115872 0.0078172 0.0039134 0.0118936 0.0078723 0.0116408 0.0115995 0.0236732 0.0156481 0.0076761 0.0116022 0.0196878 0.0116639 0.0116364 0.0116364 0.0116022 0.0115872 0.0120561 0.0076854 0.0115995 0.0238147 0.0079212 0.0076842 0.0078710 0.0156240 0.0079178 0.0079178 0.0115927 0.0199220 0.0079141 0.0038212 0.0077250 0.0116408 0.0077250 0.0076761 0.0156362 0.0078625 0.0078781 0.0116604 0.0076854 0.0156554 0.0241922 0.0196794 0.0116022 0.0038212 0.0076761 
41         0.0079334 0.0039211 0.0119772 0.0039211 0.0119753 0.0160109 0.0039183 0.0079368 0.0119698 0.0078781 0.0000010 0.0039183 0.0160566 0.0039134 0.0000000 0.0120374 0.0119717 0.0000010 0.0120485 0.0039134 0.0201479 0.0161254 0.0120429 0.0000010 0.0118988 0.0161254 0.0118840 0.0119868 0.0078866 0.0078866 0.0118988 0.0078710 0.0078710 0.0119717 0.0079334 0.0078879 0.0078781 0.0000010 0.0000010 0.0000010 0.0039183 0.0039134 0.0078866 0.0201292 0.0119717 0.0039134 0.0078879 0.0160692 0.0079297 0.0078866 0.0078866 0.0078879 0.0078781 0.0082026 0.0039183 0.0078866 0.0202514 0.0039424 0.0039176 0.0039176 0.0119528 0.0039408 0.0039408 0.0078821 0.0078625 0.0039389 0.0000010 0.0039389 0.0079141 0.0039389 0.0039134 0.0119625 0.0039134 0.0039211 0.0079275 0.0039183 0.0119772 0.0119323 0.0160620 0.0078879 0.0000010 0.0039134 
43057      0.0038504 0.0077867 0.0158553 0.0078115 0.0158531 0.0281657 0.0161461 0.0118218 0.0158456 0.0117332 0.0117461 0.0157526 0.0282464 0.0157329 0.0120374 0.0000000 0.0240689 0.0118038 0.0077936 0.0161254 0.0240033 0.0038199 0.0077903 0.0117891 0.0239214 0.0038199 0.0157329 0.0158678 0.0117461 0.0117461 0.0157526 0.0202748 0.0202748 0.0240689 0.0199395 0.0117478 0.0117332 0.0160305 0.0120374 0.0203346 0.0161461 0.0198900 0.0117461 0.0323761 0.0240689 0.0157329 0.0117478 0.0199421 0.0118111 0.0117838 0.0117838 0.0117478 0.0117332 0.0122135 0.0157526 0.0117461 0.0076735 0.0162517 0.0157504 0.0161437 0.0240310 0.0162439 0.0162439 0.0198055 0.0286158 0.0162365 0.0117461 0.0158386 0.0198900 0.0158386 0.0157329 0.0240494 0.0161254 0.0079784 0.0199237 0.0157526 0.0158553 0.0331082 0.0199334 0.0117478 0.0117461 0.0157329 
72         0.0198296 0.0156795 0.0239463 0.0157300 0.0239435 0.0280066 0.0160566 0.0198392 0.0239315 0.0196878 0.0116835 0.0077541 0.0038355 0.0156481 0.0119717 0.0240689 0.0000000 0.0117407 0.0240912 0.0160362 0.0322208 0.0282103 0.0240791 0.0117261 0.0237885 0.0282103 0.0237586 0.0239647 0.0197099 0.0197099 0.0237885 0.0201611 0.0201611 0.0077184 0.0116303 0.0197124 0.0196878 0.0159424 0.0119717 0.0202202 0.0160566 0.0197806 0.0197099 0.0321907 0.0077048 0.0156481 0.0117067 0.0038382 0.0198210 0.0197738 0.0197738 0.0197124 0.0196878 0.0121459 0.0156676 0.0197099 0.0323891 0.0161611 0.0156654 0.0160544 0.0238969 0.0161533 0.0078915 0.0196971 0.0284513 0.0161461 0.0116835 0.0157526 0.0197806 0.0157526 0.0156481 0.0077129 0.0160362 0.0160692 0.0038349 0.0156676 0.0239463 0.0329140 0.0280978 0.0197124 0.0116835 0.0156481 
80         0.0077822 0.0038469 0.0117460 0.0038590 0.0117442 0.0157006 0.0039376 0.0077856 0.0117389 0.0077279 0.0000010 0.0038442 0.0157446 0.0038395 0.0000010 0.0118038 0.0117407 0.0000000 0.0118145 0.0039319 0.0197542 0.0158106 0.0118092 0.0000010 0.0116712 0.0158106 0.0116568 0.0117553 0.0077361 0.0077361 0.0116712 0.0079099 0.0079099 0.0117407 0.0077822 0.0077373 0.0077279 0.0039100 0.0000010 0.0079310 0.0039376 0.0077634 0.0077361 0.0197362 0.0117407 0.0038395 0.0077373 0.0157566 0.0077787 0.0077606 0.0077606 0.0077373 0.0077279 0.0080407 0.0038442 0.0077361 0.0198536 0.0039619 0.0038435 0.0039369 0.0117226 0.0039603 0.0039603 0.0077317 0.0159439 0.0039584 0.0000010 0.0038639 0.0077634 0.0038639 0.0038395 0.0117319 0.0039319 0.0039405 0.0077765 0.0038442 0.0117460 0.0201682 0.0157497 0.0077373 0.0000010 0.0038395 
82         0.0038538 0.0077936 0.0158698 0.0078185 0.0158676 0.0281920 0.0161611 0.0118325 0.0158601 0.0117438 0.0117567 0.0157669 0.0282728 0.0157472 0.0120485 0.0077936 0.0240912 0.0118145 0.0000000 0.0161404 0.0240256 0.0117438 0.0077972 0.0117998 0.0239435 0.0117438 0.0157472 0.0158823 0.0117567 0.0117567 0.0157669 0.0202938 0.0202938 0.0240912 0.0199579 0.0117584 0.0117438 0.0160453 0.0120485 0.0203537 0.0161611 0.0199082 0.0117567 0.0324066 0.0240912 0.0157472 0.0117584 0.0199605 0.0118218 0.0117944 0.0117944 0.0117584 0.0117438 0.0122250 0.0157669 0.0117567 0.0157298 0.0162670 0.0157647 0.0161588 0.0240533 0.0162591 0.0162591 0.0198236 0.0286429 0.0162517 0.0117567 0.0158531 0.0199082 0.0158531 0.0157472 0.0240717 0.0161404 0.0079858 0.0199421 0.0157669 0.0158698 0.0331401 0.0199518 0.0117584 0.0117567 0.0157472 
42589      0.0119565 0.0078781 0.0160438 0.0078781 0.0160416 0.0201061 0.0078723 0.0119620 0.0160339 0.0118710 0.0039134 0.0078723 0.0201638 0.0078625 0.0039134 0.0161254 0.0160362 0.0039319 0.0161404 0.0000000 0.0242895 0.0202514 0.0161327 0.0039278 0.0159387 0.0202514 0.0159185 0.0160566 0.0118840 0.0118840 0.0159387 0.0118603 0.0118603 0.0160362 0.0119565 0.0118858 0.0039165 0.0039134 0.0039134 0.0039294 0.0078723 0.0078625 0.0118840 0.0242668 0.0160362 0.0078625 0.0118858 0.0201799 0.0119510 0.0118840 0.0118840 0.0118858 0.0118710 0.0123632 0.0078723 0.0118840 0.0244156 0.0079212 0.0078710 0.0078710 0.0160109 0.0079178 0.0079178 0.0118769 0.0118473 0.0079141 0.0039134 0.0079141 0.0119268 0.0079141 0.0078625 0.0160237 0.0078625 0.0078781 0.0119474 0.0078723 0.0160438 0.0159830 0.0201711 0.0118858 0.0039134 0.0078625 
608        0.0197764 0.0156381 0.0238815 0.0156883 0.0238786 0.0038208 0.0243207 0.0197860 0.0238667 0.0196354 0.0196574 0.0237246 0.0364600 0.0236948 0.0201479 0.0240033 0.0322208 0.0197542 0.0240256 0.0242895 0.0000000 0.0281329 0.0240135 0.0197295 0.0320213 0.0281329 0.0236948 0.0238997 0.0196574 0.0196574 0.0237246 0.0285023 0.0285023 0.0322208 0.0280295 0.0196599 0.0196354 0.0241465 0.0201479 0.0285891 0.0243207 0.0197653 0.0196574 0.0076836 0.0322208 0.0156359 0.0196599 0.0280326 0.0197679 0.0197210 0.0197210 0.0196599 0.0196354 0.0120426 0.0237246 0.0196574 0.0322997 0.0244829 0.0237217 0.0243178 0.0076848 0.0244703 0.0244703 0.0278380 0.0369405 0.0244598 0.0196574 0.0238567 0.0279596 0.0238567 0.0236948 0.0321939 0.0242895 0.0160257 0.0280066 0.0237246 0.0238815 0.0415532 0.0280211 0.0196599 0.0196574 0.0236948 
911462     0.0077363 0.0117332 0.0199108 0.0117709 0.0199082 0.0323379 0.0202775 0.0158354 0.0198986 0.0157155 0.0157329 0.0197806 0.0324308 0.0197558 0.0161254 0.0038199 0.0282103 0.0158106 0.0117438 0.0202514 0.0281329 0.0000000 0.0117385 0.0157908 0.0280360 0.0076735 0.0197558 0.0199263 0.0157329 0.0157329 0.0197806 0.0244442 0.0244442 0.0282103 0.0240382 0.0157351 0.0157155 0.0201319 0.0161254 0.0245177 0.0202775 0.0239783 0.0157329 0.0365913 0.0282103 0.0197558 0.0157351 0.0240411 0.0158209 0.0157838 0.0157838 0.0157351 0.0157155 0.0163619 0.0197806 0.0157329 0.0038153 0.0204118 0.0197780 0.0202748 0.0281657 0.0204016 0.0204016 0.0238749 0.0328578 0.0203926 0.0157329 0.0198900 0.0239783 0.0198900 0.0197558 0.0281871 0.0202514 0.0120239 0.0240189 0.0197806 0.0199108 0.0374244 0.0240310 0.0157351 0.0157329 0.0197558 
106        0.0038522 0.0077903 0.0158624 0.0078151 0.0158601 0.0281774 0.0161533 0.0118272 0.0158527 0.0117385 0.0117514 0.0157596 0.0282581 0.0157399 0.0120429 0.0077903 0.0240791 0.0118092 0.0077972 0.0161327 0.0240135 0.0117385 0.0000000 0.0117944 0.0239315 0.0117385 0.0157399 0.0158749 0.0117514 0.0117514 0.0157596 0.0202838 0.0202838 0.0240791 0.0199481 0.0117531 0.0117385 0.0160377 0.0120429 0.0203436 0.0161533 0.0198986 0.0117514 0.0323891 0.0240791 0.0157399 0.0117531 0.0199508 0.0118164 0.0117891 0.0117891 0.0117531 0.0117385 0.0122193 0.0157596 0.0117514 0.0157224 0.0162591 0.0157574 0.0161510 0.0240411 0.0162512 0.0162512 0.0198140 0.0286277 0.0162439 0.0117514 0.0158456 0.0198986 0.0158456 0.0157399 0.0240596 0.0161327 0.0079822 0.0199324 0.0157596 0.0158624 0.0331218 0.0199421 0.0117531 0.0117514 0.0157399 
108        0.0077726 0.0038422 0.0117314 0.0038543 0.0117296 0.0156811 0.0039319 0.0077760 0.0117243 0.0077186 0.0000010 0.0038395 0.0157249 0.0038349 0.0000010 0.0117891 0.0117261 0.0000010 0.0117998 0.0039278 0.0197295 0.0157908 0.0117944 0.0000000 0.0116568 0.0157908 0.0116415 0.0117407 0.0077267 0.0077267 0.0116568 0.0079001 0.0079001 0.0117261 0.0077726 0.0077279 0.0077186 0.0039052 0.0000010 0.0079212 0.0039319 0.0077529 0.0077267 0.0197115 0.0117261 0.0038349 0.0077279 0.0157370 0.0077691 0.0077512 0.0077512 0.0077279 0.0077186 0.0080296 0.0038395 0.0077267 0.0198286 0.0039570 0.0038389 0.0039319 0.0117081 0.0039554 0.0039554 0.0077224 0.0159238 0.0039535 0.0000010 0.0038592 0.0077529 0.0038592 0.0038349 0.0117173 0.0039278 0.0039355 0.0077669 0.0038395 0.0117314 0.0201424 0.0157300 0.0077279 0.0000010 0.0038349 
36973      0.0197099 0.0155863 0.0238004 0.0156362 0.0237975 0.0278349 0.0159589 0.0197194 0.0237857 0.0195698 0.0116148 0.0155745 0.0279137 0.0155553 0.0118988 0.0239214 0.0237885 0.0116712 0.0239435 0.0159387 0.0320213 0.0280360 0.0239315 0.0116568 0.0000000 0.0280360 0.0236150 0.0238185 0.0195917 0.0195917 0.0236445 0.0200374 0.0200374 0.0237885 0.0197099 0.0195942 0.0195698 0.0158460 0.0118988 0.0200957 0.0159589 0.0196615 0.0195917 0.0319915 0.0237885 0.0155553 0.0195942 0.0279364 0.0197014 0.0196548 0.0196548 0.0195942 0.0195698 0.0203714 0.0155745 0.0195917 0.0321875 0.0160620 0.0155723 0.0159566 0.0237515 0.0160544 0.0160544 0.0195790 0.0282741 0.0160472 0.0116148 0.0156585 0.0196615 0.0156585 0.0155553 0.0237696 0.0159387 0.0159713 0.0196945 0.0155745 0.0238004 0.0327056 0.0279250 0.0195942 0.0116148 0.0155553 
37489      0.0077363 0.0117332 0.0199108 0.0117709 0.0199082 0.0323379 0.0202775 0.0158354 0.0198986 0.0157155 0.0157329 0.0197806 0.0324308 0.0197558 0.0161254 0.0038199 0.0282103 0.0158106 0.0117438 0.0202514 0.0281329 0.0076735 0.0117385 0.0157908 0.0280360 0.0000000 0.0197558 0.0199263 0.0157329 0.0157329 0.0197806 0.0244442 0.0244442 0.0282103 0.0240382 0.0157351 0.0157155 0.0201319 0.0161254 0.0245177 0.0202775 0.0239783 0.0157329 0.0365913 0.0282103 0.0197558 0.0157351 0.0240411 0.0158209 0.0157838 0.0157838 0.0157351 0.0157155 0.0163619 0.0197806 0.0157329 0.0038153 0.0204118 0.0197780 0.0202748 0.0281657 0.0204016 0.0204016 0.0238749 0.0328578 0.0203926 0.0157329 0.0198900 0.0239783 0.0198900 0.0197558 0.0281871 0.0202514 0.0120239 0.0240189 0.0197806 0.0199108 0.0374244 0.0240310 0.0157351 0.0157329 0.0197558 
117        0.0116691 0.0076909 0.0156554 0.0077151 0.0156532 0.0277999 0.0159387 0.0116743 0.0156459 0.0115872 0.0115995 0.0155553 0.0278784 0.0155361 0.0118840 0.0157329 0.0237586 0.0116568 0.0157472 0.0159185 0.0236948 0.0197558 0.0157399 0.0116415 0.0236150 0.0197558 0.0000000 0.0156676 0.0115995 0.0115995 0.0155553 0.0200119 0.0200119 0.0237586 0.0196853 0.0116022 0.0115872 0.0158261 0.0118840 0.0200701 0.0159387 0.0196370 0.0115995 0.0319510 0.0237586 0.0155361 0.0116022 0.0196878 0.0116639 0.0116364 0.0116364 0.0116022 0.0115872 0.0120561 0.0155553 0.0115995 0.0238147 0.0160416 0.0155531 0.0159364 0.0237217 0.0160339 0.0160339 0.0195547 0.0199604 0.0160267 0.0115995 0.0156391 0.0196370 0.0156391 0.0155361 0.0237397 0.0159185 0.0078781 0.0196699 0.0155553 0.0156554 0.0242400 0.0196794 0.0116022 0.0115995 0.0155361 
118        0.0117678 0.0077553 0.0157889 0.0077799 0.0157867 0.0280422 0.0160771 0.0117731 0.0157793 0.0116853 0.0116980 0.0156871 0.0281221 0.0156676 0.0119868 0.0158678 0.0239647 0.0117553 0.0158823 0.0160566 0.0238997 0.0199263 0.0158749 0.0117407 0.0238185 0.0199263 0.0156676 0.0000000 0.0116980 0.0116980 0.0156871 0.0201869 0.0201869 0.0239647 0.0198546 0.0116997 0.0116853 0.0159626 0.0119868 0.0202462 0.0160771 0.0198055 0.0116980 0.0322318 0.0239647 0.0156676 0.0116997 0.0198572 0.0117625 0.0117354 0.0117354 0.0116997 0.0116853 0.0121615 0.0156871 0.0116980 0.0240218 0.0161819 0.0156849 0.0160748 0.0239271 0.0161741 0.0161741 0.0197217 0.0284881 0.0161668 0.0116980 0.0157723 0.0198055 0.0157723 0.0156676 0.0239454 0.0160566 0.0079455 0.0198390 0.0156871 0.0157889 0.0329570 0.0198486 0.0116997 0.0116980 0.0156676 
2678       0.0077445 0.0038285 0.0116888 0.0038405 0.0116870 0.0237217 0.0118988 0.0077479 0.0038471 0.0076909 0.0076989 0.0116148 0.0237885 0.0115995 0.0078866 0.0117461 0.0197099 0.0077361 0.0117567 0.0118840 0.0196574 0.0157329 0.0117514 0.0077267 0.0195917 0.0157329 0.0115995 0.0116980 0.0000000 0.0076989 0.0038258 0.0159364 0.0159364 0.0197099 0.0156774 0.0077001 0.0076909 0.0118148 0.0078866 0.0159819 0.0118988 0.0156391 0.0076989 0.0278319 0.0197099 0.0115995 0.0077001 0.0156795 0.0077410 0.0077233 0.0077233 0.0077001 0.0076909 0.0079995 0.0116148 0.0076989 0.0197558 0.0119753 0.0116130 0.0118970 0.0196794 0.0119698 0.0119698 0.0155745 0.0240933 0.0119643 0.0076989 0.0116765 0.0156391 0.0116765 0.0115995 0.0196945 0.0118840 0.0039211 0.0156654 0.0116148 0.0116888 0.0284482 0.0156727 0.0077001 0.0076989 0.0115995 
6276       0.0077445 0.0038285 0.0116888 0.0038405 0.0116870 0.0237217 0.0118988 0.0077479 0.0116818 0.0076909 0.0076989 0.0116148 0.0237885 0.0115995 0.0078866 0.0117461 0.0197099 0.0077361 0.0117567 0.0118840 0.0196574 0.0157329 0.0117514 0.0077267 0.0195917 0.0157329 0.0115995 0.0116980 0.0076989 0.0000000 0.0116148 0.0159364 0.0159364 0.0197099 0.0156774 0.0077001 0.0076909 0.0118148 0.0078866 0.0159819 0.0118988 0.0156391 0.0076989 0.0278319 0.0197099 0.0115995 0.0077001 0.0156795 0.0077410 0.0077233 0.0077233 0.0077001 0.0076909 0.0079995 0.0116148 0.0076989 0.0197558 0.0119753 0.0116130 0.0118970 0.0196794 0.0119698 0.0119698 0.0155745 0.0240933 0.0119643 0.0076989 0.0116765 0.0156391 0.0116765 0.0115995 0.0196945 0.0118840 0.0039211 0.0156654 0.0116148 0.0116888 0.0284482 0.0156727 0.0077001 0.0076989 0.0115995 
6292       0.0116835 0.0077001 0.0156748 0.0077245 0.0156727 0.0278349 0.0159589 0.0116888 0.0077389 0.0116022 0.0116148 0.0155745 0.0279137 0.0155553 0.0118988 0.0157526 0.0237885 0.0116712 0.0157669 0.0159387 0.0237246 0.0197806 0.0157596 0.0116568 0.0236445 0.0197806 0.0155553 0.0156871 0.0038258 0.0116148 0.0000000 0.0200374 0.0200374 0.0237885 0.0197099 0.0116165 0.0116022 0.0158460 0.0118988 0.0200957 0.0159589 0.0196615 0.0116148 0.0319915 0.0237885 0.0155553 0.0116165 0.0197124 0.0116783 0.0116516 0.0116516 0.0116165 0.0116022 0.0120715 0.0077082 0.0116148 0.0238448 0.0160620 0.0155723 0.0159566 0.0237515 0.0160544 0.0160544 0.0195790 0.0282741 0.0160472 0.0116148 0.0156585 0.0196615 0.0156585 0.0155553 0.0237696 0.0159387 0.0078879 0.0196945 0.0155745 0.0156748 0.0327056 0.0197040 0.0116165 0.0116148 0.0155553 
70818      0.0160339 0.0118840 0.0201711 0.0118840 0.0201684 0.0242668 0.0118751 0.0160416 0.0201585 0.0159185 0.0078710 0.0118751 0.0243367 0.0118603 0.0078710 0.0202748 0.0201611 0.0079099 0.0202938 0.0118603 0.0285023 0.0244442 0.0202838 0.0079001 0.0200374 0.0244442 0.0200119 0.0201869 0.0159364 0.0159364 0.0200374 0.0000000 0.0078698 0.0201611 0.0160339 0.0159387 0.0159185 0.0078710 0.0078710 0.0079035 0.0118751 0.0118603 0.0159364 0.0284754 0.0201611 0.0118603 0.0159387 0.0243566 0.0160267 0.0159364 0.0159364 0.0159387 0.0159185 0.0165820 0.0118751 0.0159364 0.0286521 0.0119510 0.0039099 0.0118733 0.0201292 0.0119456 0.0119456 0.0159263 0.0077943 0.0119401 0.0078710 0.0119401 0.0159939 0.0119401 0.0118603 0.0201450 0.0038795 0.0118840 0.0160214 0.0118751 0.0201711 0.0118278 0.0243462 0.0159387 0.0078710 0.0118603 
70820      0.0160339 0.0118840 0.0201711 0.0118840 0.0201684 0.0242668 0.0118751 0.0160416 0.0201585 0.0159185 0.0078710 0.0118751 0.0243367 0.0118603 0.0078710 0.0202748 0.0201611 0.0079099 0.0202938 0.0118603 0.0285023 0.0244442 0.0202838 0.0079001 0.0200374 0.0244442 0.0200119 0.0201869 0.0159364 0.0159364 0.0200374 0.0078698 0.0000000 0.0201611 0.0160339 0.0159387 0.0159185 0.0078710 0.0078710 0.0079035 0.0118751 0.0118603 0.0159364 0.0284754 0.0201611 0.0118603 0.0159387 0.0243566 0.0160267 0.0159364 0.0159364 0.0159387 0.0159185 0.0165820 0.0118751 0.0159364 0.0286521 0.0119510 0.0118733 0.0118733 0.0201292 0.0119456 0.0119456 0.0159263 0.0078612 0.0119401 0.0078710 0.0119401 0.0159939 0.0119401 0.0118603 0.0201450 0.0039127 0.0118840 0.0160214 0.0118751 0.0201711 0.0119305 0.0243462 0.0159387 0.0078710 0.0118603 
37038      0.0198296 0.0156795 0.0239463 0.0157300 0.0239435 0.0280066 0.0160566 0.0198392 0.0239315 0.0196878 0.0116835 0.0077541 0.0116446 0.0156481 0.0119717 0.0240689 0.0077184 0.0117407 0.0240912 0.0160362 0.0322208 0.0282103 0.0240791 0.0117261 0.0237885 0.0282103 0.0237586 0.0239647 0.0197099 0.0197099 0.0237885 0.0201611 0.0201611 0.0000000 0.0038309 0.0197124 0.0196878 0.0159424 0.0119717 0.0202202 0.0160566 0.0197806 0.0197099 0.0321907 0.0155953 0.0156481 0.0117067 0.0116533 0.0198210 0.0197738 0.0197738 0.0197124 0.0196878 0.0204994 0.0156676 0.0197099 0.0323891 0.0161611 0.0156654 0.0160544 0.0238969 0.0161533 0.0078915 0.0196971 0.0284513 0.0161461 0.0116835 0.0157526 0.0197806 0.0157526 0.0156481 0.0077129 0.0160362 0.0160692 0.0038349 0.0156676 0.0239463 0.0329140 0.0280978 0.0197124 0.0116835 0.0156481 
37040      0.0157717 0.0116923 0.0198392 0.0117296 0.0198366 0.0238667 0.0119717 0.0157791 0.0198270 0.0156601 0.0077445 0.0116835 0.0155953 0.0116691 0.0079334 0.0199395 0.0116303 0.0077822 0.0199579 0.0119565 0.0280295 0.0240382 0.0199481 0.0077726 0.0197099 0.0240382 0.0196853 0.0198546 0.0156774 0.0156774 0.0197099 0.0160339 0.0160339 0.0038309 0.0000000 0.0156795 0.0156601 0.0118869 0.0079334 0.0160800 0.0119717 0.0157329 0.0156774 0.0280035 0.0116303 0.0116691 0.0156795 0.0156072 0.0157647 0.0157278 0.0157278 0.0156795 0.0156601 0.0163017 0.0116835 0.0156774 0.0281743 0.0120485 0.0116818 0.0119698 0.0197987 0.0120429 0.0039230 0.0156676 0.0242429 0.0120374 0.0077445 0.0117461 0.0157329 0.0117461 0.0116691 0.0116217 0.0119565 0.0119808 0.0077036 0.0116835 0.0198392 0.0286277 0.0239435 0.0156795 0.0077445 0.0116691 
2739       0.0077458 0.0038291 0.0038445 0.0038411 0.0116888 0.0237246 0.0119005 0.0077491 0.0116835 0.0076921 0.0077001 0.0116165 0.0156991 0.0116022 0.0078879 0.0117478 0.0197124 0.0077373 0.0117584 0.0118858 0.0196599 0.0157351 0.0117531 0.0077279 0.0195942 0.0157351 0.0116022 0.0116997 0.0077001 0.0077001 0.0116165 0.0159387 0.0159387 0.0197124 0.0156795 0.0000000 0.0076921 0.0118166 0.0078879 0.0159842 0.0119005 0.0156413 0.0077001 0.0278349 0.0117067 0.0116022 0.0077013 0.0156817 0.0077422 0.0077245 0.0077245 0.0077013 0.0076921 0.0080008 0.0116165 0.0077001 0.0197584 0.0119772 0.0116148 0.0118988 0.0196819 0.0119717 0.0119717 0.0077094 0.0240962 0.0119662 0.0077001 0.0116783 0.0156413 0.0116783 0.0116022 0.0196971 0.0118858 0.0039218 0.0156676 0.0116165 0.0038566 0.0284513 0.0077330 0.0077013 0.0077001 0.0116022 
11962      0.0077363 0.0038245 0.0116761 0.0038365 0.0116743 0.0236948 0.0118858 0.0077396 0.0116691 0.0076828 0.0076909 0.0116022 0.0237615 0.0115872 0.0078781 0.0117332 0.0196878 0.0077279 0.0117438 0.0039165 0.0196354 0.0157155 0.0117385 0.0077186 0.0195698 0.0157155 0.0115872 0.0116853 0.0076909 0.0076909 0.0116022 0.0159185 0.0159185 0.0196878 0.0156601 0.0076921 0.0000000 0.0118021 0.0078781 0.0159639 0.0118858 0.0156219 0.0076909 0.0277999 0.0196878 0.0115872 0.0076921 0.0156622 0.0077327 0.0077151 0.0077151 0.0076921 0.0076828 0.0079909 0.0116022 0.0076909 0.0197336 0.0119620 0.0115995 0.0118840 0.0196574 0.0119565 0.0119565 0.0155574 0.0240655 0.0119510 0.0076909 0.0116639 0.0156219 0.0116639 0.0115872 0.0196725 0.0118710 0.0039165 0.0156481 0.0116022 0.0116761 0.0284147 0.0156554 0.0076921 0.0076909 0.0115872 
46292      0.0118869 0.0078325 0.0159499 0.0078325 0.0159477 0.0199883 0.0039183 0.0118923 0.0159401 0.0118021 0.0038909 0.0078268 0.0200453 0.0078172 0.0000010 0.0160305 0.0159424 0.0039100 0.0160453 0.0039134 0.0241465 0.0201319 0.0160377 0.0039052 0.0158460 0.0201319 0.0158261 0.0159626 0.0118148 0.0118148 0.0158460 0.0078710 0.0078710 0.0159424 0.0118869 0.0118166 0.0118021 0.0000000 0.0000010 0.0078920 0.0039183 0.0078596 0.0118148 0.0241240 0.0159424 0.0078172 0.0118166 0.0200613 0.0118814 0.0118148 0.0118148 0.0118166 0.0118021 0.0122888 0.0078268 0.0118148 0.0242711 0.0039424 0.0078256 0.0039176 0.0159174 0.0039408 0.0039408 0.0118078 0.0158650 0.0039389 0.0038909 0.0078680 0.0118575 0.0078680 0.0078172 0.0159300 0.0039134 0.0039211 0.0118778 0.0078268 0.0159499 0.0200672 0.0200525 0.0118166 0.0038909 0.0078172 
46293      0.0079334 0.0039211 0.0119772 0.0039211 0.0119753 0.0160109 0.0039183 0.0079368 0.0119698 0.0078781 0.0000010 0.0039183 0.0160566 0.0039134 0.0000010 0.0120374 0.0119717 0.0000010 0.0120485 0.0039134 0.0201479 0.0161254 0.0120429 0.0000010 0.0118988 0.0161254 0.0118840 0.0119868 0.0078866 0.0078866 0.0118988 0.0078710 0.0078710 0.0119717 0.0079334 0.0078879 0.0078781 0.0000010 0.0000000 0.0000010 0.0039183 0.0039134 0.0078866 0.0201292 0.0119717 0.0039134 0.0078879 0.0160692 0.0079297 0.0078866 0.0078866 0.0078879 0.0078781 0.0082026 0.0039183 0.0078866 0.0202514 0.0039424 0.0039176 0.0039176 0.0119528 0.0039408 0.0039408 0.0078821 0.0078625 0.0039389 0.0000010 0.0039389 0.0079141 0.0039389 0.0039134 0.0119625 0.0039134 0.0039211 0.0079275 0.0039183 0.0119772 0.0119323 0.0160620 0.0078879 0.0000010 0.0039134 
46294      0.0160800 0.0119177 0.0202302 0.0119177 0.0202276 0.0243391 0.0039343 0.0160877 0.0202175 0.0159639 0.0078920 0.0119086 0.0244095 0.0118936 0.0000010 0.0203346 0.0202202 0.0079310 0.0203537 0.0039294 0.0285891 0.0245177 0.0203436 0.0079212 0.0200957 0.0245177 0.0200701 0.0202462 0.0159819 0.0159819 0.0200957 0.0079035 0.0079035 0.0202202 0.0160800 0.0159842 0.0159639 0.0078920 0.0000010 0.0000000 0.0039343 0.0118092 0.0159819 0.0285621 0.0202202 0.0118936 0.0159842 0.0244295 0.0160728 0.0159819 0.0159819 0.0159842 0.0159639 0.0166314 0.0119086 0.0159819 0.0287399 0.0039587 0.0119068 0.0039337 0.0201881 0.0039570 0.0039570 0.0159717 0.0078274 0.0039551 0.0078920 0.0119736 0.0160397 0.0119736 0.0118936 0.0202040 0.0039294 0.0039372 0.0160674 0.0119086 0.0202302 0.0118787 0.0244190 0.0159842 0.0078920 0.0118936 
46302      0.0119717 0.0078879 0.0160643 0.0078879 0.0160620 0.0201318 0.0078821 0.0119772 0.0160544 0.0118858 0.0039183 0.0078821 0.0201896 0.0078723 0.0039183 0.0161461 0.0160566 0.0039376 0.0161611 0.0078723 0.0243207 0.0202775 0.0161533 0.0039319 0.0159589 0.0202775 0.0159387 0.0160771 0.0118988 0.0118988 0.0159589 0.0118751 0.0118751 0.0160566 0.0119717 0.0119005 0.0118858 0.0039183 0.0039183 0.0039343 0.0000000 0.0078723 0.0118988 0.0242979 0.0160566 0.0078723 0.0119005 0.0202058 0.0119662 0.0118988 0.0118988 0.0119005 0.0118858 0.0123794 0.0078821 0.0118988 0.0244472 0.0079310 0.0078808 0.0078808 0.0160313 0.0079275 0.0079275 0.0118916 0.0118621 0.0079239 0.0039183 0.0079239 0.0119419 0.0079239 0.0078723 0.0160441 0.0078723 0.0078879 0.0119625 0.0078821 0.0160643 0.0160033 0.0201969 0.0119005 0.0039183 0.0078723 
335601     0.0157329 0.0116639 0.0197901 0.0117010 0.0197876 0.0157086 0.0078723 0.0157403 0.0197780 0.0156219 0.0077250 0.0116552 0.0238749 0.0116408 0.0039134 0.0198900 0.0197806 0.0077634 0.0199082 0.0078625 0.0197653 0.0239783 0.0198986 0.0077529 0.0196615 0.0239783 0.0196370 0.0198055 0.0156391 0.0156391 0.0196615 0.0118603 0.0118603 0.0197806 0.0157329 0.0156413 0.0156219 0.0078596 0.0039134 0.0118092 0.0078723 0.0000000 0.0156391 0.0197473 0.0197806 0.0038407 0.0156413 0.0238940 0.0157260 0.0156893 0.0156893 0.0156413 0.0156219 0.0162604 0.0116552 0.0156391 0.0281037 0.0079212 0.0116534 0.0078710 0.0117280 0.0079178 0.0079178 0.0156293 0.0197789 0.0079141 0.0077250 0.0117174 0.0156944 0.0117174 0.0116408 0.0197651 0.0078625 0.0078781 0.0157209 0.0116552 0.0197901 0.0240155 0.0238839 0.0156413 0.0077250 0.0116408 
18685      0.0077445 0.0038285 0.0116888 0.0038405 0.0116870 0.0237217 0.0118988 0.0077479 0.0116818 0.0076909 0.0076989 0.0116148 0.0237885 0.0115995 0.0078866 0.0117461 0.0197099 0.0077361 0.0117567 0.0118840 0.0196574 0.0157329 0.0117514 0.0077267 0.0195917 0.0157329 0.0115995 0.0116980 0.0076989 0.0076989 0.0116148 0.0159364 0.0159364 0.0197099 0.0156774 0.0077001 0.0076909 0.0118148 0.0078866 0.0159819 0.0118988 0.0156391 0.0000000 0.0278319 0.0197099 0.0115995 0.0077001 0.0156795 0.0077410 0.0077233 0.0077233 0.0077001 0.0076909 0.0079995 0.0116148 0.0076989 0.0197558 0.0119753 0.0116130 0.0039176 0.0196794 0.0119698 0.0119698 0.0155745 0.0240933 0.0119643 0.0076989 0.0116765 0.0156391 0.0116765 0.0115995 0.0196945 0.0118840 0.0039211 0.0156654 0.0116148 0.0116888 0.0284482 0.0156727 0.0077001 0.0076989 0.0115995 
775        0.0280035 0.0237217 0.0322079 0.0237991 0.0322047 0.0038175 0.0242979 0.0280180 0.0321875 0.0277999 0.0196395 0.0237029 0.0364257 0.0236732 0.0201292 0.0323761 0.0321907 0.0197362 0.0324066 0.0242668 0.0076836 0.0365913 0.0323891 0.0197115 0.0319915 0.0365913 0.0319510 0.0322318 0.0278319 0.0278319 0.0319915 0.0284754 0.0284754 0.0321907 0.0280035 0.0278349 0.0277999 0.0241240 0.0201292 0.0285621 0.0242979 0.0197473 0.0278319 0.0000000 0.0321907 0.0156219 0.0278349 0.0364567 0.0279920 0.0279234 0.0279234 0.0278349 0.0277999 0.0203025 0.0237029 0.0278319 0.0408441 0.0244598 0.0237001 0.0242950 0.0076781 0.0244472 0.0244472 0.0278123 0.0369053 0.0244367 0.0196395 0.0238347 0.0279338 0.0197499 0.0236732 0.0321639 0.0242668 0.0243178 0.0279807 0.0237029 0.0322079 0.0415130 0.0364426 0.0278349 0.0196395 0.0236732 
796        0.0198296 0.0156795 0.0157988 0.0157300 0.0239435 0.0280066 0.0160566 0.0198392 0.0239315 0.0196878 0.0116835 0.0156676 0.0038355 0.0156481 0.0119717 0.0240689 0.0077048 0.0117407 0.0240912 0.0160362 0.0322208 0.0282103 0.0240791 0.0117261 0.0237885 0.0282103 0.0237586 0.0239647 0.0197099 0.0197099 0.0237885 0.0201611 0.0201611 0.0155953 0.0116303 0.0117067 0.0196878 0.0159424 0.0119717 0.0202202 0.0160566 0.0197806 0.0197099 0.0321907 0.0000000 0.0156481 0.0197124 0.0116320 0.0198210 0.0197738 0.0197738 0.0197124 0.0196878 0.0121459 0.0156676 0.0197099 0.0323891 0.0161611 0.0156654 0.0160544 0.0238969 0.0161533 0.0078915 0.0116980 0.0284513 0.0161461 0.0116835 0.0157526 0.0197806 0.0157526 0.0156481 0.0155835 0.0160362 0.0160692 0.0116217 0.0156676 0.0157988 0.0329140 0.0198616 0.0197124 0.0116835 0.0156481 
1330       0.0116691 0.0076909 0.0156554 0.0077151 0.0156532 0.0116512 0.0078723 0.0116743 0.0156459 0.0115872 0.0038212 0.0076854 0.0196725 0.0076761 0.0039134 0.0157329 0.0156481 0.0038395 0.0157472 0.0078625 0.0156359 0.0197558 0.0157399 0.0038349 0.0155553 0.0197558 0.0155361 0.0156676 0.0115995 0.0115995 0.0155553 0.0118603 0.0118603 0.0156481 0.0116691 0.0116022 0.0115872 0.0078172 0.0039134 0.0118936 0.0078723 0.0038407 0.0115995 0.0156219 0.0156481 0.0000000 0.0116022 0.0196878 0.0116639 0.0116364 0.0116364 0.0116022 0.0115872 0.0120561 0.0076854 0.0115995 0.0238147 0.0079212 0.0076842 0.0078710 0.0077327 0.0079178 0.0079178 0.0115927 0.0199220 0.0079141 0.0038212 0.0077250 0.0116408 0.0077250 0.0076761 0.0156362 0.0078625 0.0078781 0.0116604 0.0076854 0.0156554 0.0241922 0.0196794 0.0116022 0.0038212 0.0076761 
308        0.0077458 0.0038291 0.0116905 0.0038411 0.0116888 0.0237246 0.0119005 0.0077491 0.0116835 0.0076921 0.0077001 0.0038331 0.0156991 0.0116022 0.0078879 0.0117478 0.0117067 0.0077373 0.0117584 0.0118858 0.0196599 0.0157351 0.0117531 0.0077279 0.0195942 0.0157351 0.0116022 0.0116997 0.0077001 0.0077001 0.0116165 0.0159387 0.0159387 0.0117067 0.0156795 0.0077013 0.0076921 0.0118166 0.0078879 0.0159842 0.0119005 0.0156413 0.0077001 0.0278349 0.0197124 0.0116022 0.0000000 0.0077610 0.0077422 0.0077245 0.0077245 0.0077013 0.0076921 0.0080008 0.0116165 0.0077001 0.0197584 0.0119772 0.0116148 0.0118988 0.0196819 0.0119717 0.0119717 0.0155767 0.0240962 0.0119662 0.0077001 0.0116783 0.0156413 0.0116783 0.0116022 0.0116980 0.0118858 0.0039218 0.0077541 0.0116165 0.0116905 0.0284513 0.0156748 0.0077013 0.0077001 0.0116022 
827        0.0157739 0.0116940 0.0198418 0.0117314 0.0198392 0.0322208 0.0202058 0.0157813 0.0198296 0.0156622 0.0156795 0.0117067 0.0077196 0.0196878 0.0160692 0.0199421 0.0038382 0.0157566 0.0199605 0.0201799 0.0280326 0.0240411 0.0199508 0.0157370 0.0279364 0.0240411 0.0196878 0.0198572 0.0156795 0.0156795 0.0197124 0.0243566 0.0243566 0.0116533 0.0156072 0.0156817 0.0156622 0.0200613 0.0160692 0.0244295 0.0202058 0.0238940 0.0156795 0.0364567 0.0116320 0.0196878 0.0077610 0.0000000 0.0157669 0.0157300 0.0157300 0.0156817 0.0156622 0.0080506 0.0197124 0.0156795 0.0281774 0.0203391 0.0197099 0.0202031 0.0280652 0.0203290 0.0119148 0.0237914 0.0327367 0.0203200 0.0156795 0.0198210 0.0238940 0.0198210 0.0196878 0.0116446 0.0201799 0.0119827 0.0077184 0.0197124 0.0198418 0.0372833 0.0239463 0.0156817 0.0156795 0.0196878 
