D5-D4-D9b-D4u	74375	0	1.0	0.7699046019079618	0.7699034514482282	0.7699057523561911	1.0	0.7699034514482282	0.7699023009769902	0.7785844283114338	0.5723742762572375
D1bv	74395	1.0	0	1.0	1.0	1.0	1.0	1.0	1.0	1.0	1.0
D1/D4-D2-D4c	74299	0.7699046019079618	1.0	0	0.336919946200807	0.11734206644833879	0.5762263566046509	0.3291000634990475	0.7528724712752872	0.0870182596348073	1.0
D1/D4/D6	74302	0.7699034514482282	1.0	0.336919946200807	0	0.32147357052858944	0.3026069739302607	0.3245567544324557	0.6973915130424347	0.36350954735678964	1.0
D1-D4-D4c-D1c-D2	74306	0.7699057523561911	1.0	0.11734206644833879	0.32147357052858944	0	0.5832683346333073	0.22188556228875422	0.7374239386409204	0.1447113822154446	1.0
D1/D6	74310	1.0	1.0	0.5762263566046509	0.3026069739302607	0.5832683346333073	0	0.4514654853451465	1.0	0.5849262261066084	1.0
D1/D4-D1c	74311	0.7699034514482282	1.0	0.3291000634990475	0.3245567544324557	0.22188556228875422	0.4514654853451465	0	0.7405112974435127	0.36350954735678964	1.0
D4	74322	0.7699023009769902	1.0	0.7528724712752872	0.6973915130424347	0.7374239386409204	1.0	0.7405112974435127	0	0.7785822141778582	1.0
D1-D4-D2-D4c-D4f	74336	0.7785844283114338	1.0	0.0870182596348073	0.36350954735678964	0.1447113822154446	0.5849262261066084	0.36350954735678964	0.7785822141778582	0	1.0
D5	74345	0.5723742762572375	1.0	1.0	1.0	1.0	1.0	1.0	1.0	1.0	0
