D5-D4-D9b-D4u	74375	0.0	0.001793032288122376	0.006259877322533108	0.006455135405608878	0.006448862460011865	0.006782807070105979	0.003681386671805639	0.006503713797240553	0.019105252448870225	0.0075238065488527385
D5	74345	0.001793032288122376	0.0	0.0064238063238528445	0.006619064406928615	0.006612791461331601	0.0069467360714257145	0.0038451813	0.0066676290013197356	0.0192684324	0.007687361025077492
D1/D4-D2-D4c	74299	0.006259877322533108	0.0064238063238528445	0.0	0.0017095127287077739	0.0003637571368989304	0.0012095366685719918	0.0025817218947915624	0.0003422585171352732	0.013534331744626612	0.001950041535354409
D1/D4/D6	74302	0.006455135405608878	0.006619064406928615	0.0017095127287077739	0.0	0.0018986492207801514	0.002232808089492102	0.0027762754284643074	0.001953371685252949	0.014557172284493101	0.0010691157754652999
D1-D4-D4c-D1c-D2	74306	0.006448862460011865	0.006612791461331601	0.0003637571368989304	0.0018986492207801514	0.0	0.0008458493107393415	0.0027706902373088077	0.0002674363392486114	0.013170931900539837	0.001956157235044742
D1/D4-D1c	74311	0.006782807070105979	0.0069467360714257145	0.0012095366685719918	0.002232808089492102	0.0008458493107393415	0.0	0.0031047837256348732	0.001113153802859428	0.012325696328574285	0.0022902077748076658
D4	74322	0.003681386671805639	0.0038451813	0.0025817218947915624	0.0027762754284643074	0.0027706902373088077	0.0031047837256348732	0.0	0.002825645261807639	0.0154272511	0.003845391203929607
D1-D4-D2-D4c-D4f	74336	0.006503713797240553	0.0066676290013197356	0.0003422585171352732	0.001953371685252949	0.0002674363392486114	0.001113153802859428	0.002825645261807639	0.0	0.013438101081243752	0.002010746575527522
D1bv	74395	0.019105252448870225	0.0192684324	0.013534331744626612	0.014557172284493101	0.013170931900539837	0.012325696328574285	0.0154272511	0.013438101081243752	0.0	0.014614712583981601
D1/D6	74310	0.0075238065488527385	0.007687361025077492	0.001950041535354409	0.0010691157754652999	0.001956157235044742	0.0022902077748076658	0.003845391203929607	0.002010746575527522	0.014614712583981601	0.0
