D5-D4-D9b-D4u	74375	0.0	0.002724004222725455	0.005974822373275345	0.006430476546770646	0.006241049745150971	0.006596325070438105	0.0037513647939712057	0.006207420076342747	0.019175263364477103	0.007593731999344416
D5	74345	0.002724004222725455	0.0	0.006068911624755049	0.006524565798250351	0.006335138996630674	0.006690414321917808	0.0038451813	0.006301492086983904	0.0192684324	0.007687361142845715
D1/D4-D2-D4c	74299	0.005974822373275345	0.006068911624755049	0.0	0.0017080235628574283	0.00046334783034393144	0.0018145861041065602	0.002226704129994001	0.0004367200420974427	0.014395312292461507	0.002811356012311822
D1/D4/D6	74302	0.006430476546770646	0.006524565798250351	0.0017080235628574283	0.0	0.0019744768895420916	0.002329862488984774	0.0026816110529394124	0.0019475251795259677	0.01491058213054389	0.001163689677817512
D1-D4-D4c-D1c-D2	74306	0.006241049745150971	0.006335138996630674	0.00046334783034393144	0.0019744768895420916	0.0	0.0013512584178390027	0.0024929880905518896	0.0007631244275420224	0.01393238877725455	0.0023485646706701505
D1/D4-D1c	74311	0.006596325070438105	0.006690414321917808	0.0018145861041065602	0.002329862488984774	0.0013512584178390027	0.0	0.0028481951257074293	0.002114376698505211	0.012582018078082192	0.0023820242809219076
D4	74322	0.0037513647939712057	0.0038451813	0.002226704129994001	0.0026816110529394124	0.0024929880905518896	0.0028481951257074293	0.0	0.0024592473060281914	0.0154272511	0.0038453007307569244
D1-D4-D2-D4c-D4f	74336	0.006207420076342747	0.006301492086983904	0.0004367200420974427	0.0019475251795259677	0.0007631244275420224	0.002114376698505211	0.0024592473060281914	0.0	0.014695016493861842	0.0031107796105729795
D1bv	74395	0.019175263364477103	0.0192684324	0.014395312292461507	0.01491058213054389	0.01393238877725455	0.012582018078082192	0.0154272511	0.014695016493861842	0.0	0.014962779285311468
D1/D6	74310	0.007593731999344416	0.007687361142845715	0.002811356012311822	0.001163689677817512	0.0023485646706701505	0.0023820242809219076	0.0038453007307569244	0.0031107796105729795	0.014962779285311468	0.0
