SH0078	109343	0.0	0.0002942438453129062	0.00033349388828909254	7.288804133362229e-05	0.00017692564650930188	0.0002083431003688434	0.0003525016582826109	0.00016770144930440426	0.00022097755664824168	0.00010286793670734148	0.00012980518199221018	0.00031557282817025646	0.000166500712843532	0.00012548438760611082	0.0003693030606963907	0.0001934434724793563	0.00021749219106493198	0.00016610734655931185	0.00019302643957791558	0.00046281974379668456	0.00015515208383676737	0.00014295575916536214	0.0003648855270193531	0.0005008321364285411	0.015307384837261826
SH0079	109344	0.0002942438453129062	0.0	0.00036414255147052617	0.0002906445290364601	0.0003482939758881609	0.00034318355114897915	0.00032743128477390963	0.000334537465238318	0.00035931479091902744	0.0002619984009518331	0.00026029684110408295	0.0005410355607435062	0.00029173348320535276	0.0003170303747760673	0.00022578546655758913	0.000345688905155181	0.00034363310625362784	0.00035757471376573634	0.00037225613088916106	0.0004798285604641857	0.0003126409256143406	0.00031786887338565017	0.0004761980020681545	0.00040373958497956855	0.015415081531687296
SH0080	109345	0.00033349388828909254	0.00036414255147052617	0.0	0.00038638075485739867	0.0003662467288519405	0.0004502400581061292	0.0003168557339999001	0.00037440864699965265	0.0005482100781844118	0.00038731907052553984	0.00044919212836946735	0.0005964753230266139	0.00040309833551161	0.00038415519336896717	0.00032146708578959036	0.0004353504388203435	0.0005325285716414835	0.0003941210956005548	0.00040350844249654533	0.00038149049196481893	0.0004579531429400227	0.0003849169417712287	0.0006277266383724683	0.00058486188387309	0.015577304284845217
SH0081	109346	7.288804133362229e-05	0.0002906445290364601	0.00038638075485739867	0.0	0.00015039750677500738	0.00014857015486302556	0.00032429422587130564	0.0002197294544262249	0.00016200834024841115	0.00012081327476030763	9.901963519045414e-05	0.0002959375805973046	0.0001399725731092375	6.842494133262781e-05	0.00034281452492249223	0.00013366672099182007	0.00015771543957739575	0.00013955320162397717	0.00016649829984362113	0.00048245799861174895	0.00013467665545515047	9.025083430945176e-05	0.00030508920148596835	0.00044105538494100484	0.015241495093688807
SH0082	109347	0.00017692564650930188	0.0003482939758881609	0.0003662467288519405	0.00015039750677500738	0.0	9.340120387169867e-05	0.0002737740039265616	0.0001896311658461442	0.0002382746703945821	0.00014190652328465695	0.00018116304794214925	0.00030052458463771886	9.314612268026778e-05	0.00012547316158984423	0.00022896931262391196	7.59468611001494e-05	0.00022260622506805756	0.0001041596900880176	5.1916172044408866e-05	0.000498724512706649	0.00014800952296459293	0.00010383638216031824	0.0003178068706417297	0.0005303714599628289	0.015364867113837142
SH0083	109348	0.0002083431003688434	0.00034318355114897915	0.0004502400581061292	0.00014857015486302556	9.340120387169867e-05	0.0	0.00036200868516843873	0.0001844590038111434	0.0001483959119035711	0.00019960144972955084	0.000170754678243473	0.0003887831738921677	0.00013084413193958187	0.00013689079871961592	0.00031460626933985797	4.9717887046113854e-05	0.0001309777296488947	0.000173195491744947	0.00011478026682106453	0.00043314377257938993	0.00018390791417197816	6.538793578073424e-05	0.00022441807049114733	0.000439568811173352	0.015294142752856794
SH0084	109349	0.0003525016582826109	0.00032743128477390963	0.0003168557339999001	0.00032429422587130564	0.0002737740039265616	0.00036200868516843873	0.0	0.00044330012855145365	0.0004364720907593597	0.0003513841372384021	0.00039062944929026437	0.00039397850181267574	0.0002913735520477462	0.0002881159042041554	0.00013460668677799055	0.00034102611413712935	0.0004208036100551484	0.00028239631213669103	0.0003066092444379733	0.0004607990721688676	0.000346228359476159	0.00033332270313382833	0.0005159754443443788	0.00046364834250767336	0.015497577228498899
SH0085	109350	0.00016770144930440426	0.000334537465238318	0.00037440864699965265	0.0002197294544262249	0.0001896311658461442	0.0001844590038111434	0.00044330012855145365	0.0	0.00021190003106932078	0.0001704462712888012	0.00012070981923577076	0.00047019485334600384	0.0001852874009302791	0.00022179487917375218	0.00038806766551648564	0.00018696175703711114	0.0001953527989996999	0.00025460717119878313	0.0002135869195668883	0.0004735879998611219	0.00020098567596973728	0.00016610071488446534	0.00030359307256176856	0.0005316891954386317	0.015461061739862895
SH0087	109352	0.00022097755664824168	0.00035931479091902744	0.0005482100781844118	0.00016200834024841115	0.0002382746703945821	0.0001483959119035711	0.0004364720907593597	0.00021190003106932078	0.0	0.00016879527847260664	9.90197503551065e-05	0.00036914510258077426	0.0001451349496348905	0.00016856489771931578	0.00043068388835351576	0.00018847963155946789	3.657045821746524e-05	0.0002126645758054322	0.00022735930662490602	0.0005815013090647732	9.99359252045077e-05	0.0001858886691307392	0.00015608725251575476	0.0004061304351305392	0.015278031141602023
SH0089	109354	0.00010286793670734148	0.0002619984009518331	0.00038731907052553984	0.00012081327476030763	0.00014190652328465695	0.00019960144972955084	0.0003513841372384021	0.0001704462712888012	0.00016879527847260664	0.0	7.7607300695951e-05	0.00029974858205720264	9.929686556762488e-05	0.0001733839667471926	0.00032909862601406665	0.0002021053699189303	0.00016530928087332686	0.0001598624794058812	0.00018332673629725948	0.0005655942470514291	7.326186119223848e-05	0.00017423852410518615	0.000312703248843718	0.00044863482191563955	0.015353580349264227
SH0090	109355	0.00012980518199221018	0.00026029684110408295	0.00044919212836946735	9.901963519045414e-05	0.00018116304794214925	0.000170754678243473	0.00039062944929026437	0.00012070981923577076	9.90197503551065e-05	7.7607300695951e-05	0.0	0.0003547281369610883	0.0001211384565369611	0.0001463201941182355	0.0003683595088303769	0.00017325723140942278	8.77056146543963e-05	0.00019041987220435181	0.00020510983343931965	0.0005593759992018144	8.551895958482182e-05	0.0001454125922576773	0.0002394475257077123	0.00041103779372811844	0.015340462402610326
SH0091	109356	0.00031557282817025646	0.0005410355607435062	0.0005964753230266139	0.0002959375805973046	0.00030052458463771886	0.0003887831738921677	0.00039397850181267574	0.00047019485334600384	0.00036914510258077426	0.00029974858205720264	0.0003547281369610883	0.0	0.0002849074524157247	0.0002823435814344304	0.0004142013602688087	0.00036777919643893173	0.00037700062317695313	0.0002461479584159105	0.0002818306873616997	0.0007783895641231996	0.0002692091773762665	0.0003600289713914174	0.00048512567137141147	0.0007013336695308592	0.015148426729021985
SH0092	109357	0.000166500712843532	0.00029173348320535276	0.00040309833551161	0.0001399725731092375	9.314612268026778e-05	0.00013084413193958187	0.0002913735520477462	0.0001852874009302791	0.0001451349496348905	9.929686556762488e-05	0.0001211384565369611	0.0002849074524157247	0.0	8.194770295088529e-05	0.0002855721456807139	0.00012723912897869363	0.00013906620063018903	6.931977026850404e-05	8.40298707296346e-05	0.0005639531301811081	5.4863400284325156e-05	0.0001421243758127438	0.00022989520937281187	0.0004703506343202961	0.015321373611354341
SH0093	109358	0.00012548438760611082	0.0003170303747760673	0.00038415519336896717	6.842494133262781e-05	0.00012547316158984423	0.00013689079871961592	0.0002881159042041554	0.00022179487917375218	0.00016856489771931578	0.0001733839667471926	0.0001463201941182355	0.0002823435814344304	8.194770295088529e-05	0.0	0.0003230944716222147	0.00011588382036610986	0.00016424393701110332	7.542297599898492e-05	0.00010236807421862886	0.0004960529847893994	0.00012105169706951594	0.00010813499573872164	0.00025677952352705813	0.0004955349726818046	0.015239460967759869
SH0094	109359	0.0003693030606963907	0.00022578546655758913	0.00032146708578959036	0.00034281452492249223	0.00022896931262391196	0.00031460626933985797	0.00013460668677799055	0.00038806766551648564	0.00043068388835351576	0.00032909862601406665	0.0003683595088303769	0.0004142013602688087	0.0002855721456807139	0.0003230944716222147	0.0	0.00029971665005407215	0.00041500220368811616	0.00030178100012038806	0.0002808854846683208	0.00048548553293359647	0.0003404269531091267	0.0003006776523391941	0.0005102004485415722	0.0004805120738867955	0.015483026931693272
SH0095	109360	0.0001934434724793563	0.000345688905155181	0.0004353504388203435	0.00013366672099182007	7.59468611001494e-05	4.9717887046113854e-05	0.00034102611413712935	0.00018696175703711114	0.00018847963155946789	0.0002021053699189303	0.00017325723140942278	0.00036777919643893173	0.00012723912897869363	0.00011588382036610986	0.00029971665005407215	0.0	0.00017280074773432034	0.000152191514291711	8.860255733329722e-05	0.0004367247683381175	0.0001803029112110899	6.79775266579974e-05	0.00026799619174752427	0.0004892424849554867	0.015320339553755669
SH0096	109361	0.00021749219106493198	0.00034363310625362784	0.0005325285716414835	0.00015771543957739575	0.00022260622506805756	0.0001309777296488947	0.0004208036100551484	0.0001953527989996999	3.657045821746524e-05	0.00016530928087332686	8.77056146543963e-05	0.00037700062317695313	0.00013906620063018903	0.00016424393701110332	0.00041500220368811616	0.00017280074773432034	0.0	0.00020834361509721973	0.00022303221104962812	0.0005640716872838012	0.00010779144580068655	0.0001702327922076623	0.0001787157231369411	0.0003956524368510554	0.015284144162808384
SH0097	109362	0.00016610734655931185	0.00035757471376573634	0.0003941210956005548	0.00013955320162397717	0.0001041596900880176	0.000173195491744947	0.00028239631213669103	0.00025460717119878313	0.0002126645758054322	0.0001598624794058812	0.00019041987220435181	0.0002461479584159105	6.931977026850404e-05	7.542297599898492e-05	0.00030178100012038806	0.000152191514291711	0.00020834361509721973	0.0	6.359013378675735e-05	0.0005636400524484149	0.00011797645898179639	0.00014444128924419674	0.000238977712955501	0.000539634650767921	0.015260804528672713
SH0098	109363	0.00019302643957791558	0.00037225613088916106	0.00040350844249654533	0.00016649829984362113	5.1916172044408866e-05	0.00011478026682106453	0.0003066092444379733	0.0002135869195668883	0.00022735930662490602	0.00018332673629725948	0.00020510983343931965	0.0002818306873616997	8.40298707296346e-05	0.00010236807421862886	0.0002808854846683208	8.860255733329722e-05	0.00022303221104962812	6.359013378675735e-05	0.0	0.0005122381251191316	0.00013269428338667734	0.00011994680996572225	0.0002763308395055023	0.0005543182452198792	0.015315611622651507
SH0100	109364	0.00046281974379668456	0.0004798285604641857	0.00038149049196481893	0.00048245799861174895	0.000498724512706649	0.00043314377257938993	0.0004607990721688676	0.0004735879998611219	0.0005815013090647732	0.0005655942470514291	0.0005593759992018144	0.0007783895641231996	0.0005639531301811081	0.0004960529847893994	0.00048548553293359647	0.0004367247683381175	0.0005640716872838012	0.0005636400524484149	0.0005122381251191316	0.0	0.000617010488081724	0.00042185439183151205	0.0006470897661703804	0.0005548297344222484	0.015358378221908355
SH0101	109365	0.00015515208383676737	0.0003126409256143406	0.0004579531429400227	0.00013467665545515047	0.00014800952296459293	0.00018390791417197816	0.000346228359476159	0.00020098567596973728	9.99359252045077e-05	7.326186119223848e-05	8.551895958482182e-05	0.0002692091773762665	5.4863400284325156e-05	0.00012105169706951594	0.0003404269531091267	0.0001803029112110899	0.00010779144580068655	0.00011797645898179639	0.00013269428338667734	0.000617010488081724	0.0	0.0001951733311926034	0.0002394413876514795	0.00044164944922443826	0.0153038863706285
SH0102	109366	0.00014295575916536214	0.00031786887338565017	0.0003849169417712287	9.025083430945176e-05	0.00010383638216031824	6.538793578073424e-05	0.00033332270313382833	0.00016610071488446534	0.0001858886691307392	0.00017423852410518615	0.0001454125922576773	0.0003600289713914174	0.0001421243758127438	0.00010813499573872164	0.0003006776523391941	6.79775266579974e-05	0.0001702327922076623	0.00014444128924419674	0.00011994680996572225	0.00042185439183151205	0.0001951733311926034	0.0	0.0002654344380814244	0.0004605215241272382	0.015295090663870099
SH099	109431	0.0003648855270193531	0.0004761980020681545	0.0006277266383724683	0.00030508920148596835	0.0003178068706417297	0.00022441807049114733	0.0005159754443443788	0.00030359307256176856	0.00015608725251575476	0.000312703248843718	0.0002394475257077123	0.00048512567137141147	0.00022989520937281187	0.00025677952352705813	0.0005102004485415722	0.00026799619174752427	0.0001787157231369411	0.000238977712955501	0.0002763308395055023	0.0006470897661703804	0.0002394413876514795	0.0002654344380814244	0.0	0.0004539200582774832	0.015217742787348089
SH0086	109351	0.0005008321364285411	0.00040373958497956855	0.00058486188387309	0.00044105538494100484	0.0005303714599628289	0.000439568811173352	0.00046364834250767336	0.0005316891954386317	0.0004061304351305392	0.00044863482191563955	0.00041103779372811844	0.0007013336695308592	0.0004703506343202961	0.0004955349726818046	0.0004805120738867955	0.0004892424849554867	0.0003956524368510554	0.000539634650767921	0.0005543182452198792	0.0005548297344222484	0.00044164944922443826	0.0004605215241272382	0.0004539200582774832	0.0	0.015217003799779475
SH0153	109417	0.015307384837261826	0.015415081531687296	0.015577304284845217	0.015241495093688807	0.015364867113837142	0.015294142752856794	0.015497577228498899	0.015461061739862895	0.015278031141602023	0.015353580349264227	0.015340462402610326	0.015148426729021985	0.015321373611354341	0.015239460967759869	0.015483026931693272	0.015320339553755669	0.015284144162808384	0.015260804528672713	0.015315611622651507	0.015358378221908355	0.0153038863706285	0.015295090663870099	0.015217742787348089	0.015217003799779475	0.0
