SH0078	109343	0	0.06420775999943636	0.062347765305702935	0.014047134414007914	0.023502630258259934	0.028747479877495208	0.06312600836324132	0.037004326232879386	0.04737550803592393	0.023126664130848257	0.014310905266736125	0.0188173702319308	0.05446861940368433	0.018904278429590343	0.021151615705079847	0.06884737366020789	0.02382136218056397	0.022443921817799438	0.02440021385132875	0.021261447397811096	0.05935468769693373	0.018167060212514706	0.01885668840243009	0.8936651583710405	0.04134387351778651
SH0079	109344	0.06420775999943636	0	0.03670843642748818	0.07023471872182095	0.06378138157391544	0.06636546132574071	0.03833229432112666	0.05115089514066495	0.06107475266467381	0.07019346478730744	0.05516502708463203	0.056102942382404514	0.11079451543463231	0.06226764334099279	0.07432740991784219	0.02532633606802403	0.06632950426225953	0.06764056037825293	0.07679480920565704	0.0722007609795333	0.07400518397960851	0.06670952307141559	0.06508747983948847	0.8868778280542987	0.08528714252499413
SH0080	109345	0.062347765305702935	0.03670843642748818	0	0.07410602772487714	0.06249369143796098	0.07145751688484946	0.03148559988900121	0.04853216312802189	0.07565490930995247	0.08477362143258609	0.06604304953382188	0.07068309902768317	0.11387078214370326	0.07047485477046159	0.07484553318993456	0.032467494460470724	0.06951583545686206	0.08222071702353159	0.07702739670917652	0.0711775581551701	0.055540597665268435	0.0787307510068704	0.06561771056278938	0.8936651583710407	0.09556132381570406
SH0081	109346	0.014047134414007914	0.07023471872182095	0.07410602772487714	0	0.026152817046563803	0.029411252755996996	0.0655940038067316	0.049428469929368536	0.04803928091442571	0.022832524241709385	0.022103392248251308	0.022055727249221262	0.0446967708943122	0.021554465217894222	0.008052766329345073	0.07149756044851178	0.02448513505906575	0.023107694696301223	0.01404816559623125	0.02391163418611497	0.06912653620630585	0.019025834864113873	0.020358744898972964	0.8936651583710409	0.032344213649851704
SH0082	109347	0.023502630258259934	0.06378138157391544	0.06249369143796098	0.026152817046563803	0	0.009596235090827765	0.0508825336487167	0.03278732025178599	0.04628061287459807	0.02831424074754465	0.016990839164844417	0.019017527449519483	0.05938338638207573	0.01401547408542017	0.02432433992875325	0.0495014519569296	0.00743215164785983	0.025761336338490152	0.022843047553104623	0.010031820811637256	0.056821913270914945	0.02227137032182895	0.012530333350167927	0.8936651583710407	0.039101943130662634
SH0083	109348	0.028747479877495208	0.06636546132574071	0.07145751688484946	0.029411252755996996	0.009596235090827765	0	0.05999094868199453	0.03545715634589655	0.043234712027457024	0.02525069540216463	0.022446898651462755	0.02059621224414111	0.06771842815338434	0.018256344942985777	0.02826564263389019	0.058322770448961635	0.008970341100059133	0.022527567580465795	0.030046755710822402	0.01697682319190703	0.05730973332846479	0.026375587478939474	0.009890791475065122	0.8936651583710407	0.035790624240952196
SH0084	109349	0.06312600836324132	0.03833229432112666	0.03148559988900121	0.0655940038067316	0.0508825336487167	0.05999094868199453	0	0.055048585002712196	0.0647443112453028	0.07055071207499163	0.060566645158867526	0.06259333344354259	0.0944114697671898	0.056251945412867134	0.06242619202234489	0.022925106297499057	0.057269566719571625	0.06799780766593712	0.06280448735158202	0.058637073328308406	0.06320686751903064	0.06450784164927592	0.05833226370156358	0.8936651583710407	0.08133841445810959
SH0085	109350	0.037004326232879386	0.05115089514066495	0.04853216312802189	0.049428469929368536	0.03278732025178599	0.03545715634589655	0.055048585002712196	0	0.061790248215751874	0.040610819730096094	0.03188701618451063	0.027372742680147263	0.0899025102998946	0.03732760954407703	0.050677412492576596	0.05254320037874305	0.035421199282415376	0.03796067918455743	0.05223083785733268	0.04120669965740386	0.060741354444751275	0.04114967583277439	0.03496770261493155	0.8936651583710407	0.052813839559093675
SH0086	109351	0.04737550803592393	0.06107475266467381	0.07565490930995247	0.04803928091442571	0.04628061287459807	0.043234712027457024	0.0647443112453028	0.061790248215751874	0	0.039784603260971635	0.036282522738538506	0.03441750553560461	0.0885848509807511	0.04214288963534198	0.05443139069894768	0.06376191732298297	0.044440191038681756	0.037855386552831286	0.05704072135665336	0.05244667313052964	0.06199185204724638	0.040909495337746474	0.04407819630660982	0.8936651583710407	0.05213101969194778
SH0087	109352	0.023126664130848257	0.07019346478730744	0.08477362143258609	0.022832524241709385	0.02831424074754465	0.02525069540216463	0.07055071207499163	0.040610819730096094	0.039784603260971635	0	0.019621172193479766	0.014090522404902916	0.057333561039478495	0.014298766662124481	0.023848055802049083	0.07367825791404431	0.02392420995339664	0.004995454007287042	0.02645738645975477	0.02305118926457847	0.07627551252951209	0.008580726572358283	0.025513761540637066	0.8936651583710407	0.019632526832817826
SH0089	109354	0.014310905266736125	0.05516502708463203	0.06604304953382188	0.022103392248251308	0.016990839164844417	0.022446898651462755	0.060566645158867526	0.03188701618451063	0.036282522738538506	0.019621172193479766	0	0.007445412751069314	0.05801549411538397	0.014081858695547742	0.029207873539323248	0.06178306798297723	0.021209967883740584	0.018530133942357748	0.02855479874444809	0.024441858310752917	0.06579912742017684	0.012998837066960459	0.01996794346096951	0.8936651583710407	0.037838381580418017
SH0090	109355	0.0188173702319308	0.056102942382404514	0.07068309902768317	0.022055727249221262	0.019017527449519483	0.02059621224414111	0.06259333344354259	0.027372742680147263	0.03441750553560461	0.014090522404902916	0.007445412751069314	0	0.06284754565726708	0.016113453243625817	0.028401954307231518	0.06380975626765228	0.020313958326305285	0.012039398041174777	0.031011284964937203	0.026417236738813483	0.06656180222204143	0.014094711190146842	0.01907193390353421	0.8936651583710407	0.03191051777016055
SH0091	109356	0.05446861940368433	0.11079451543463231	0.11387078214370326	0.0446967708943122	0.05938338638207573	0.06771842815338434	0.0944114697671898	0.0899025102998946	0.0885848509807511	0.057333561039478495	0.05801549411538397	0.06284754565726708	0	0.05257490075581759	0.04300898039098166	0.10047352274243032	0.06201260992201758	0.05898173471203752	0.041212082317203615	0.0515566586995159	0.11382330710061804	0.04875283446712023	0.06200875801994833	0.8936651583710409	0.06371882086167804
SH0092	109357	0.018904278429590343	0.06226764334099279	0.07047485477046159	0.021554465217894222	0.01401547408542017	0.018256344942985777	0.056251945412867134	0.03732760954407703	0.04214288963534198	0.014298766662124481	0.014081858695547742	0.016113453243625817	0.05257490075581759	0	0.015959629016493237	0.05937949125191984	0.014456251076125238	0.012813667912439975	0.014903228313255646	0.010359999615205177	0.06928116207033326	0.008255896236408789	0.017108499645357596	0.8936651583710407	0.02571508159428028
SH0093	109358	0.021151615705079847	0.07432740991784219	0.07484553318993456	0.008052766329345073	0.02432433992875325	0.02826564263389019	0.06242619202234489	0.050677412492576596	0.05443139069894768	0.023848055802049083	0.029207873539323248	0.028401954307231518	0.04300898039098166	0.015959629016493237	0	0.07024087167906809	0.022559824402523427	0.024034363316675612	0.007753778928244894	0.017617247518128615	0.0708143267096364	0.018586986923991373	0.022555972500454175	0.8936651583710407	0.02699811202013848
SH0094	109359	0.06884737366020789	0.02532633606802403	0.032467494460470724	0.07149756044851178	0.0495014519569296	0.058322770448961635	0.022925106297499057	0.05254320037874305	0.06376191732298297	0.07367825791404431	0.06178306798297723	0.06380975626765228	0.10047352274243032	0.05937949125191984	0.07024087167906809	0	0.05638108902097425	0.07112535350498983	0.06875957930341947	0.05953327276856685	0.06995020230314346	0.06763538748832865	0.0584032728694763	0.8868778280542987	0.08446596029716229
SH0095	109360	0.02382136218056397	0.06632950426225953	0.06951583545686206	0.02448513505906575	0.00743215164785983	0.008970341100059133	0.057269566719571625	0.035421199282415376	0.044440191038681756	0.02392420995339664	0.021209967883740584	0.020313958326305285	0.06201260992201758	0.014456251076125238	0.022559824402523427	0.05638108902097425	0	0.02137130554434214	0.02434093747945564	0.010739397934519838	0.054824910994208005	0.02257549361207893	0.009817642396259733	0.8936651583710409	0.034711912336514626
SH0096	109361	0.022443921817799438	0.06764056037825293	0.08222071702353159	0.023107694696301223	0.025761336338490152	0.022527567580465795	0.06799780766593712	0.03796067918455743	0.037855386552831286	0.004995454007287042	0.018530133942357748	0.012039398041174777	0.05898173471203752	0.012813667912439975	0.024034363316675612	0.07112535350498983	0.02137130554434214	0	0.0266436939743813	0.022049645748257577	0.07355238470781326	0.010228900244917294	0.022960857131582565	0.8936651583710407	0.022995891269528054
SH0097	109362	0.02440021385132875	0.07679480920565704	0.07702739670917652	0.01404816559623125	0.022843047553104623	0.030046755710822402	0.06280448735158202	0.05223083785733268	0.05704072135665336	0.02645738645975477	0.02855479874444809	0.031011284964937203	0.041212082317203615	0.014903228313255646	0.007753778928244894	0.06875957930341947	0.02434093747945564	0.0266436939743813	0	0.0136015395449358	0.0762585956814592	0.018456124588200097	0.024337085577386387	0.8936651583710407	0.022506738544474422
SH0098	109363	0.021261447397811096	0.0722007609795333	0.0711775581551701	0.02391163418611497	0.010031820811637256	0.01697682319190703	0.058637073328308406	0.04120669965740386	0.05244667313052964	0.02305118926457847	0.024441858310752917	0.026417236738813483	0.0515566586995159	0.010359999615205177	0.017617247518128615	0.05953327276856685	0.010739397934519838	0.022049645748257577	0.0136015395449358	0	0.06399414120002356	0.016462891462891465	0.015187407875342129	0.8936651583710407	0.030317273795534665
SH0100	109364	0.05935468769693373	0.07400518397960851	0.055540597665268435	0.06912653620630585	0.056821913270914945	0.05730973332846479	0.06320686751903064	0.060741354444751275	0.06199185204724638	0.07627551252951209	0.06579912742017684	0.06656180222204143	0.11382330710061804	0.06928116207033326	0.0708143267096364	0.06995020230314346	0.054824910994208005	0.07355238470781326	0.0762585956814592	0.06399414120002356	0	0.07740040460628693	0.05596293406110957	0.8936651583710407	0.08625556502794351
SH0101	109365	0.018167060212514706	0.06670952307141559	0.0787307510068704	0.019025834864113873	0.02227137032182895	0.026375587478939474	0.06450784164927592	0.04114967583277439	0.040909495337746474	0.008580726572358283	0.012998837066960459	0.014094711190146842	0.04875283446712023	0.008255896236408789	0.018586986923991373	0.06763538748832865	0.02257549361207893	0.010228900244917294	0.018456124588200097	0.016462891462891465	0.07740040460628693	0	0.02522774218131129	0.8936651583710409	0.02483954451345756
SH0102	109366	0.01885668840243009	0.06508747983948847	0.06561771056278938	0.020358744898972964	0.012530333350167927	0.009890791475065122	0.05833226370156358	0.03496770261493155	0.04407819630660982	0.025513761540637066	0.01996794346096951	0.01907193390353421	0.06200875801994833	0.017108499645357596	0.022555972500454175	0.0584032728694763	0.009817642396259733	0.022960857131582565	0.024337085577386387	0.015187407875342129	0.05596293406110957	0.02522774218131129	0	0.8936651583710409	0.03630146392375505
SH0153	109417	0.8936651583710405	0.8868778280542987	0.8936651583710407	0.8936651583710409	0.8936651583710407	0.8936651583710407	0.8936651583710407	0.8936651583710407	0.8936651583710407	0.8936651583710407	0.8936651583710407	0.8936651583710407	0.8936651583710409	0.8936651583710407	0.8936651583710407	0.8868778280542987	0.8936651583710409	0.8936651583710407	0.8936651583710407	0.8936651583710407	0.8936651583710407	0.8936651583710409	0.8936651583710409	0	0.8936651583710407
SH099	109431	0.04134387351778651	0.08528714252499413	0.09556132381570406	0.032344213649851704	0.039101943130662634	0.035790624240952196	0.08133841445810959	0.052813839559093675	0.05213101969194778	0.019632526832817826	0.037838381580418017	0.03191051777016055	0.06371882086167804	0.02571508159428028	0.02699811202013848	0.08446596029716229	0.034711912336514626	0.022995891269528054	0.022506738544474422	0.030317273795534665	0.08625556502794351	0.02483954451345756	0.03630146392375505	0.8936651583710407	0
