SH0078	109343	0.0	0.0011870520189970288	0.0011339151956873729	8.432037924767639e-05	0.00023066086086639858	0.0003233041490167005	0.0008732440129203692	0.0002012523474094818	0.00046879776222088576	0.00014429030356943358	0.0001860513815063013	0.0008221099112722546	0.00022702174059811972	0.00015673333814203376	0.0009637391103567652	0.0002801680778714241	0.0003199186465547471	0.00024806083711742354	0.00026317549701940386	0.001324241822944589	0.00021311412333466695	0.00023593459271082097	0.0007309356115523106	0.00161950534221095	0.017304112553057714
SH0079	109344	0.0011870520189970288	0.0	0.0011259152749463267	0.0011265062862055586	0.0012528992996920607	0.0010495626042001014	0.0008822169946410011	0.0013006372009734242	0.0011944183895457052	0.00123904960522372	0.0012115449794391172	0.0017559867878987744	0.0012143039822196733	0.0011323307968912203	0.0005321715188800362	0.001187273638453689	0.0011416750835044783	0.0011656825882408776	0.0012077559312594812	0.0014429846310941479	0.001197799249593148	0.0010793391028496961	0.0012560461772549388	0.001571653348920511	0.017121387828181952
SH0080	109345	0.0011339151956873729	0.0011259152749463267	0.0	0.001073315637645058	0.0011997033567861535	0.001061211588945401	0.0008614768860844339	0.0012474803736629678	0.001190292299848672	0.0011858904733611261	0.0011583465438069966	0.0018010832841954343	0.0011796157334019466	0.0010844480964365638	0.0009230901623049219	0.0011340336823438208	0.0010884132064525813	0.0012007240437640187	0.0012157718903033268	0.0012590526326333455	0.0011657267198592377	0.001026150008621704	0.001468804332803996	0.00162701640521517	0.017753570530981123
SH0081	109346	8.432037924767639e-05	0.0011265062862055586	0.001073315637645058	0.0	0.0001938622904219435	0.00024665269901270805	0.0008126266672468987	0.0002220352929696044	0.00041581892750255955	0.00014936192351799491	0.0001208927208781593	0.0008089672336813441	0.0001902231701536646	0.00010195690294392923	0.0009031842525710283	0.00020351206537029843	0.00024326263405362146	0.00021124286279219223	0.00022637692657494871	0.0013016298950970766	0.00019911790638351963	0.0001516428747376164	0.0006542841615483181	0.0015665219449954905	0.017243540090150312
SH0082	109347	0.00023066086086639858	0.0012528992996920607	0.0011997033567861535	0.0001938622904219435	0.0	0.00020361953372011616	0.0009389861699598805	0.0002576879283865886	0.0004961999896669002	0.00019588757901370417	0.00025873849898890657	0.0008300687127543504	0.00011769369655345889	0.00012076476167850356	0.001029602835312941	0.00012135199449834951	0.00031845291174966036	9.943762877771118e-05	6.0762796245838116e-05	0.0013327324682399912	0.00019075924444303703	0.00019210348478543562	0.0006765673295641064	0.0016468917845853756	0.01737011051924645
SH0083	109348	0.0003233041490167005	0.0010495626042001014	0.001061211588945401	0.00024665269901270805	0.00020361953372011616	0.0	0.0009296202162403274	0.00026381732399350445	0.0003303251765429629	0.0003507351607482246	0.0002980961336748195	0.0009953567113989328	0.00021990558672542958	0.00018129001723517056	0.0009662169899944073	0.0001379982738021406	0.00021148490716478162	0.00022465017362529026	0.00019787466503626129	0.0012069095431164448	0.00029558528665398387	9.597402614784428e-05	0.0004739670139743543	0.0014661963153245975	0.017166690645424303
SH0084	109349	0.0008732440129203692	0.0008822169946410011	0.0008614768860844339	0.0008126266672468987	0.0009389861699598805	0.0009296202162403274	0.0	0.0010116128343641859	0.0010377346777519824	0.0009251940927767256	0.000897656957359257	0.0015281557862655104	0.0009003635496577167	0.0008183932598368436	0.000490078143407363	0.0009206841799926543	0.0009500591348139258	0.0008516987469971845	0.0008937862928563563	0.0011809973384156046	0.0008838576167911434	0.000891313208881321	0.0011959408973096482	0.0014582598279364953	0.017394607278074944
SH0085	109350	0.0002012523474094818	0.0013006372009734242	0.0012474803736629678	0.0002220352929696044	0.0002576879283865886	0.00026381732399350445	0.0010116128343641859	0.0	0.0004033216675649735	0.00021049750670822068	0.00014160701093218653	0.0008885336932686538	0.00021763112633526704	0.00024575823537682117	0.0010773042883323604	0.00020589125601552756	0.0002255427928713895	0.00030657304713942787	0.00029205239681936383	0.0013021409802760552	0.00023939824135827154	0.00022171484383759325	0.0005854196267753549	0.0016251319931540847	0.017417926180723246
SH0087	109352	0.00046879776222088576	0.0011944183895457052	0.001190292299848672	0.00041581892750255955	0.0004961999896669002	0.0003303251765429629	0.0010377346777519824	0.0004033216675649735	0.0	0.0003858418035110534	0.00030439993400880233	0.001027104842458791	0.00037853048206646636	0.00042863774088226466	0.0010743794579047804	0.00041665955015504646	0.0002345050734173664	0.0004587885102294242	0.00047039242239346843	0.0015370488639026804	0.0003054801372174964	0.0003695076377613283	0.00029000015561034384	0.0015615219021906572	0.017311509819786613
SH0089	109354	0.00014429030356943358	0.00123904960522372	0.0011858904733611261	0.00014936192351799491	0.00019588757901370417	0.0003507351607482246	0.0009251940927767256	0.00021049750670822068	0.0003858418035110534	0.0	0.00011605515785114218	0.000678036186560433	0.00013085239783333085	0.00022172329135740728	0.0010157507401243842	0.00029282098425527673	0.00024993873531632227	0.00021862246897081929	0.0002461589679973637	0.0014326366583570262	9.420406510082467e-05	0.0003008696173652098	0.0006609323661266875	0.0015635186138741623	0.017356228214995176
SH0090	109355	0.0001860513815063013	0.0012115449794391172	0.0011583465438069966	0.0001208927208781593	0.00025873849898890657	0.0002980961336748195	0.000897656957359257	0.00014160701093218653	0.00030439993400880233	0.00011605515785114218	0.0	0.0007660636400080016	0.0001760508108421685	0.00021296702914639542	0.0009882196683183575	0.0002401579331312878	0.00013388454913751657	0.00028150530122024404	0.0002931049071514303	0.0014079860276355273	0.00011693178881776349	0.00024825979905443343	0.0005657671123824765	0.0015359682554459818	0.017328753143025705
SH0091	109356	0.0008221099112722546	0.0017559867878987744	0.0018010832841954343	0.0008089672336813441	0.0008300687127543504	0.0009953567113989328	0.0015281557862655104	0.0008885336932686538	0.001027104842458791	0.000678036186560433	0.0007660636400080016	0.0	0.0007755104413082617	0.0008663176088931921	0.0016274794664898125	0.0009374843224972735	0.0008946982666487659	0.0008407136187037409	0.0008908138108321667	0.0021105643655631133	0.0007389624112422486	0.0009454947441437674	0.0013056656217243449	0.0021934002509708043	0.017078386751267355
SH0092	109357	0.00022702174059811972	0.0012143039822196733	0.0011796157334019466	0.0001902231701536646	0.00011769369655345889	0.00021990558672542958	0.0009003635496577167	0.00021763112633526704	0.00037853048206646636	0.00013085239783333085	0.0001760508108421685	0.0007755104413082617	0.0	0.00010412111196105988	0.0009910010755798098	0.0001917382578727449	0.00022017243658299695	0.00010546549257851564	0.00011705409630926176	0.0014222685651830368	7.830812632526508e-05	0.00022338132491128416	0.0005589026253250651	0.0015562381836293818	0.017331505944566016
SH0093	109358	0.00015673333814203376	0.0011323307968912203	0.0010844480964365638	0.00010195690294392923	0.00012076476167850356	0.00018129001723517056	0.0008183932598368436	0.00024575823537682117	0.00042863774088226466	0.00022172329135740728	0.00021296702914639542	0.0008663176088931921	0.00010412111196105988	0.0	0.0009090155268704081	0.00015472444452335692	0.00025708137279855325	0.00011634049309646667	0.00013147455687922312	0.0013183006167145333	0.0001823970318450367	0.0001254368984395318	0.0006090273930142494	0.0015837051083725118	0.017249401774372987
SH0094	109359	0.0009637391103567652	0.0005321715188800362	0.0009230901623049219	0.0009031842525710283	0.001029602835312941	0.0009662169899944073	0.000490078143407363	0.0010773042883323604	0.0010743794579047804	0.0010157507401243842	0.0009882196683183575	0.0016274794664898125	0.0009910010755798098	0.0009090155268704081	0.0	0.000963935561590824	0.0009864869924069628	0.0009423888834413822	0.0009844534246996337	0.001123611095562766	0.0009744975431933325	0.0009278487562642883	0.0012205017111153204	0.0013756500553801774	0.017221633826279246
SH0095	109360	0.0002801680778714241	0.001187273638453689	0.0011340336823438208	0.00020351206537029843	0.00012135199449834951	0.0001379982738021406	0.0009206841799926543	0.00020589125601552756	0.00041665955015504646	0.00029282098425527673	0.0002401579331312878	0.0009374843224972735	0.0001917382578727449	0.00015472444452335692	0.000963935561590824	0.0	0.00023885155464280027	0.00021553925628596359	0.00013493245229470526	0.0012697979032785683	0.00027004485209204893	0.00013171538669600873	0.0005970092889327489	0.001567304931149345	0.017304462851406098
SH0096	109361	0.0003199186465547471	0.0011416750835044783	0.0010884132064525813	0.00024326263405362146	0.00031845291174966036	0.00021148490716478162	0.0009500591348139258	0.0002255427928713895	0.0002345050734173664	0.00024993873531632227	0.00013388454913751657	0.0008946982666487659	0.00022017243658299695	0.00025708137279855325	0.0009864869924069628	0.00023885155464280027	0.0	0.00032561991051176427	0.0003372105296916186	0.0013943561270298498	0.00017776276402788562	0.0001955539222926152	0.0004791334813915424	0.00146601816528122	0.017258876554516057
SH0097	109362	0.00024806083711742354	0.0011656825882408776	0.0012007240437640187	0.00021124286279219223	9.943762877771118e-05	0.00022465017362529026	0.0008516987469971845	0.00030657304713942787	0.0004587885102294242	0.00021862246897081929	0.00028150530122024404	0.0008407136187037409	0.00010546549257851564	0.00011634049309646667	0.0009423888834413822	0.00021553925628596359	0.00032561991051176427	0.0	8.061493741748341e-05	0.001426853303770754	0.00017588251482296473	0.0002279108524567932	0.0005945950048809761	0.0016522431804063525	0.01728281613690448
SH0098	109363	0.00026317549701940386	0.0012077559312594812	0.0012157718903033268	0.00022637692657494871	6.0762796245838116e-05	0.00019787466503626129	0.0008937862928563563	0.00029205239681936383	0.00047039242239346843	0.0002461589679973637	0.0002931049071514303	0.0008908138108321667	0.00011705409630926176	0.00013147455687922312	0.0009844534246996337	0.00013493245229470526	0.0003372105296916186	8.061493741748341e-05	0.0	0.0013627619381276256	0.00019099517664532913	0.00022463870917132197	0.0006332039040508101	0.0016638123802563223	0.017324949291885477
SH0100	109364	0.001324241822944589	0.0014429846310941479	0.0012590526326333455	0.0013016298950970766	0.0013327324682399912	0.0012069095431164448	0.0011809973384156046	0.0013021409802760552	0.0015370488639026804	0.0014326366583570262	0.0014079860276355273	0.0021105643655631133	0.0014222685651830368	0.0013183006167145333	0.001123611095562766	0.0012697979032785683	0.0013943561270298498	0.001426853303770754	0.0013627619381276256	0.0	0.0015005636889077816	0.0011991464872396817	0.00166134550025005	0.0014336801384354503	0.01736677352745259
SH0101	109365	0.00021311412333466695	0.001197799249593148	0.0011657267198592377	0.00019911790638351963	0.00019075924444303703	0.00029558528665398387	0.0008838576167911434	0.00023939824135827154	0.0003054801372174964	9.420406510082467e-05	0.00011693178881776349	0.0007389624112422486	7.830812632526508e-05	0.0001823970318450367	0.0009744975431933325	0.00027004485209204893	0.00017776276402788562	0.00017588251482296473	0.00019099517664532913	0.0015005636889077816	0.0	0.00030167244783586914	0.0005667472192838567	0.0015423491700866732	0.01731499080985907
SH0102	109366	0.00023593459271082097	0.0010793391028496961	0.001026150008621704	0.0001516428747376164	0.00019210348478543562	9.597402614784428e-05	0.000891313208881321	0.00022171484383759325	0.0003695076377613283	0.0003008696173652098	0.00024825979905443343	0.0009454947441437674	0.00022338132491128416	0.0001254368984395318	0.0009278487562642883	0.00013171538669600873	0.0001955539222926152	0.0002279108524567932	0.00022463870917132197	0.0011991464872396817	0.00030167244783586914	0.0	0.000549894983660335	0.0015203090655696709	0.01719643973585143
SH099	109431	0.0007309356115523106	0.0012560461772549388	0.001468804332803996	0.0006542841615483181	0.0006765673295641064	0.0004739670139743543	0.0011959408973096482	0.0005854196267753549	0.00029000015561034384	0.0006609323661266875	0.0005657671123824765	0.0013056656217243449	0.0005589026253250651	0.0006090273930142494	0.0012205017111153204	0.0005970092889327489	0.0004791334813915424	0.0005945950048809761	0.0006332039040508101	0.00166134550025005	0.0005667472192838567	0.000549894983660335	0.0	0.001659919884687723	0.017247661637624624
SH0086	109351	0.00161950534221095	0.001571653348920511	0.00162701640521517	0.0015665219449954905	0.0016468917845853756	0.0014661963153245975	0.0014582598279364953	0.0016251319931540847	0.0015615219021906572	0.0015635186138741623	0.0015359682554459818	0.0021934002509708043	0.0015562381836293818	0.0015837051083725118	0.0013756500553801774	0.001567304931149345	0.00146601816528122	0.0016522431804063525	0.0016638123802563223	0.0014336801384354503	0.0015423491700866732	0.0015203090655696709	0.001659919884687723	0.0	0.016996032225029496
SH0153	109417	0.017304112553057714	0.017121387828181952	0.017753570530981123	0.017243540090150312	0.01737011051924645	0.017166690645424303	0.017394607278074944	0.017417926180723246	0.017311509819786613	0.017356228214995176	0.017328753143025705	0.017078386751267355	0.017331505944566016	0.017249401774372987	0.017221633826279246	0.017304462851406098	0.017258876554516057	0.01728281613690448	0.017324949291885477	0.01736677352745259	0.01731499080985907	0.01719643973585143	0.017247661637624624	0.016996032225029496	0.0
