SH0078	109343	0	0.20179349849393344	0.17114673557586962	0.014307138697799746	0.029950513836106005	0.06566040395745046	0.1677845522303123	0.03620185114923911	0.1509116244806184	0.0546909981368047	0.01904144224103439	0.024198241540413737	0.12039056802249838	0.026583259958188363	0.02364464438759233	0.18463607225783407	0.03217465844133651	0.03155954639874921	0.030875930898331762	0.030005021785099836	0.15970795354339654	0.02317278896306295	0.049517771019246336	0.9214832268599242	0.07741267166995291
SH0079	109344	0.20179349849393344	0	0.11158386676891625	0.20179349849393335	0.20179349849393347	0.20179349849393344	0.10599641542923119	0.20179349849393333	0.20279808274813788	0.2017934984939334	0.20179349849393333	0.20179349849393338	0.2931185405994454	0.20179349849393338	0.20179349849393333	0.06261804932052421	0.2017934984939333	0.2017934984939334	0.20179349849393335	0.20179349849393338	0.22389425273971414	0.2017934984939334	0.20179349849393333	0.9016463114591668	0.2137475584583991
SH0080	109345	0.17114673557586962	0.11158386676891625	0	0.17114673557586962	0.1711467355758697	0.17617442588688034	0.07087040772927912	0.17114673557586957	0.17640230554796882	0.17649593295465335	0.17114673557586957	0.17114673557586965	0.27380336759849516	0.17324881862487995	0.17178778968211758	0.09229696735360397	0.1711467355758696	0.1711467355758697	0.18130959827173515	0.1781969809565863	0.1746476045767061	0.17360645633646632	0.1711467355758696	0.9214832268599246	0.20539968446447796
SH0081	109346	0.014307138697799746	0.20179349849393335	0.17114673557586962	0	0.030349023743310614	0.06380100852679263	0.16778455223031227	0.04548787869522588	0.15181543486391116	0.05559480852009741	0.024284668383793503	0.023711603368614654	0.11200835085980436	0.026981769865392972	0.011054997940486535	0.18463607225783402	0.030315263010678682	0.02970015096809138	0.021608100363517995	0.030403531692304444	0.16407066734627043	0.025882082132999806	0.046754565205295764	0.9214832268599245	0.07555327623929507
SH0082	109347	0.029950513836106005	0.20179349849393347	0.1711467355758697	0.030349023743310614	0	0.04435139332278181	0.16778455223031238	0.035123914140399795	0.14656245485235714	0.05034182850854343	0.023547686897599143	0.027284711839048965	0.12896839722253842	0.01638210834614342	0.022943232351974596	0.1846360722578341	0.01096617212205581	0.03453500920655014	0.02141851446833568	0.010622385711548587	0.15314393828066536	0.02699655108295317	0.03693340368490949	0.9214832268599245	0.06458374995161752
SH0083	109348	0.06566040395745046	0.20179349849393344	0.17617442588688034	0.06380100852679263	0.04435139332278181	0	0.17889614180430238	0.04930699455400256	0.14910279359439996	0.06569740131499212	0.06288471155676241	0.05999676746197145	0.16892188758505267	0.05071939580385507	0.055647800829074244	0.1926174179501034	0.04435139332278167	0.058033338769058	0.05686903815379609	0.048891957399739824	0.16196882623011258	0.06128243601570967	0.017201575733572432	0.9214832268599245	0.08124635549187213
SH0084	109349	0.1677845522303123	0.10599641542923119	0.07087040772927912	0.16778455223031227	0.16778455223031238	0.17889614180430238	0	0.16921602806775335	0.17481245825984834	0.17678438284541245	0.16778455223031224	0.16778455223031236	0.26906734650414943	0.1677845522303123	0.16778455223031227	0.07733078914278434	0.17044141864296358	0.1747300899681873	0.1677845522303123	0.16778455223031227	0.18355405524421112	0.16778455223031227	0.17492617705179275	0.9214832268599245	0.1918578999738558
SH0085	109350	0.03620185114923911	0.20179349849393333	0.17114673557586957	0.04548787869522588	0.035123914140399795	0.04930699455400256	0.16921602806775335	0	0.14118285422616686	0.05086561329492366	0.03127296985288932	0.026579721087613046	0.14111837209021336	0.03491109559085905	0.04754337032957715	0.18463607225783407	0.0352466400383112	0.03847758568562624	0.050726684086402386	0.04416744489441164	0.14464311381229328	0.03933308203406684	0.0450262071747874	0.9214832268599245	0.06873529847946963
SH0086	109351	0.1509116244806184	0.20279808274813788	0.17640230554796882	0.15181543486391116	0.14656245485235714	0.14910279359439996	0.17481245825984834	0.14118285422616686	0	0.14344506265226464	0.13854743957143287	0.13854743957143292	0.242898667839469	0.1405107491362606	0.1531640140943934	0.1747337881230445	0.14490279472474354	0.13854743957143298	0.15718600563869162	0.15364335767135806	0.13693944559570195	0.14086838684784694	0.15197056727598673	0.9214832268599245	0.16206640184463791
SH0087	109352	0.0546909981368047	0.2017934984939334	0.17649593295465335	0.05559480852009741	0.05034182850854343	0.06569740131499212	0.17678438284541245	0.05086561329492366	0.14344506265226464	0	0.03920070874571502	0.033001937297747676	0.1448747033520041	0.04125291154015621	0.056441107128514294	0.19050565899121344	0.04868216838092978	0.03300193729774771	0.05606775621404617	0.05252510824671258	0.18331483422232295	0.034754220059923006	0.06223793818555484	0.9214832268599246	0.03027080772693662
SH0089	109354	0.01904144224103439	0.20179349849393333	0.17114673557586957	0.024284668383793503	0.023547686897599143	0.06288471155676241	0.16778455223031224	0.03127296985288932	0.13854743957143287	0.03920070874571502	0	0.01020544768902331	0.10984540223732406	0.01687724119249011	0.033622174073586086	0.184636072257834	0.029656467250517043	0.02566399629325283	0.033552599680771136	0.030972340967623357	0.16624985827831623	0.014876440923004122	0.051015266558945525	0.9214832268599245	0.06341987781856248
SH0090	109355	0.024198241540413737	0.20179349849393338	0.17114673557586965	0.023711603368614654	0.027284711839048965	0.05999676746197145	0.16778455223031236	0.026579721087613046	0.13854743957143292	0.033001937297747676	0.01020544768902331	0	0.11681546731720123	0.019885562475963257	0.033612729121559014	0.18463607225783407	0.027113619199362386	0.015803644647865815	0.03763472066585726	0.03409207269852368	0.1665972967926714	0.015030177261054701	0.04812732246415456	0.9214832268599245	0.0557002184929161
SH0091	109356	0.12039056802249838	0.2931185405994454	0.27380336759849516	0.11200835085980436	0.12896839722253842	0.16892188758505267	0.26906734650414943	0.14111837209021336	0.242898667839469	0.1448747033520041	0.10984540223732406	0.11681546731720123	0	0.11820249178119759	0.11929738368807534	0.2868669987119044	0.1337005002534511	0.12362017088521451	0.12013606147554824	0.13077119105153603	0.27607901820607483	0.11210218256470054	0.15705244258723577	0.9214832268599245	0.16947329615641818
SH0092	109357	0.026583259958188363	0.20179349849393338	0.17324881862487995	0.026981769865392972	0.01638210834614342	0.05071939580385507	0.1677845522303123	0.03491109559085905	0.1405107491362606	0.04125291154015621	0.01687724119249011	0.019885562475963257	0.11820249178119759	0	0.018205961823858297	0.18463607225783402	0.018866950521777334	0.02032152555720376	0.017749158189894	0.014206510222560417	0.16783578122184484	0.01092067792344098	0.04490067939145702	0.9214832268599245	0.054608465970515684
SH0093	109358	0.02364464438759233	0.20179349849393333	0.17178778968211758	0.011054997940486535	0.022943232351974596	0.055647800829074244	0.16778455223031227	0.04754337032957715	0.1531640140943934	0.056441107128514294	0.033622174073586086	0.033612729121559014	0.11929738368807534	0.018205961823858297	0	0.184636072257834	0.02406996841972182	0.030663373896488242	0.011737400415105665	0.02053283174389211	0.1652798603722048	0.025010888490722725	0.04303592473815832	0.9214832268599245	0.06979666155887376
SH0094	109359	0.18463607225783407	0.06261804932052421	0.09229696735360397	0.18463607225783402	0.1846360722578341	0.1926174179501034	0.07733078914278434	0.18463607225783407	0.1747337881230445	0.19050565899121344	0.184636072257834	0.18463607225783407	0.2868669987119044	0.18463607225783402	0.184636072257834	0	0.18463607225783404	0.18845136611398824	0.1846360722578341	0.18463607225783402	0.18634852396112797	0.18463607225783404	0.1886474531975937	0.901646311459167	0.20418517269831837
SH0095	109360	0.03217465844133651	0.2017934984939333	0.1711467355758696	0.030315263010678682	0.01096617212205581	0.04435139332278167	0.17044141864296358	0.0352466400383112	0.14490279472474354	0.04868216838092978	0.029656467250517043	0.027113619199362386	0.1337005002534511	0.018866950521777334	0.02406996841972182	0.18463607225783404	0	0.028300940115406837	0.027253282176547055	0.013075504633225788	0.15345269575765325	0.029787628445218314	0.03749039913522415	0.9214832268599242	0.06203772281128925
SH0096	109361	0.03155954639874921	0.2017934984939334	0.1711467355758697	0.02970015096809138	0.03453500920655014	0.058033338769058	0.1747300899681873	0.03847758568562624	0.13854743957143298	0.03300193729774771	0.02566399629325283	0.015803644647865815	0.12362017088521451	0.02032152555720376	0.030663373896488242	0.18845136611398824	0.028300940115406837	0	0.034685365440786486	0.03300163527496932	0.17298109949025076	0.014044250728897407	0.05004599765986291	0.9214832268599245	0.05373678980000265
SH0097	109362	0.030875930898331762	0.20179349849393335	0.18130959827173515	0.021608100363517995	0.02141851446833568	0.05686903815379609	0.1677845522303123	0.050726684086402386	0.15718600563869162	0.05606775621404617	0.033552599680771136	0.03763472066585726	0.12013606147554824	0.017749158189894	0.011737400415105665	0.1846360722578341	0.027253282176547055	0.034685365440786486	0	0.014177777543321272	0.17396299117434938	0.023890211958540825	0.05102788934396153	0.9214832268599245	0.0642968445135545
SH0098	109363	0.030005021785099836	0.20179349849393338	0.1781969809565863	0.030403531692304444	0.010622385711548587	0.048891957399739824	0.16778455223031227	0.04416744489441164	0.15364335767135806	0.05252510824671258	0.030972340967623357	0.03409207269852368	0.13077119105153603	0.014206510222560417	0.02053283174389211	0.18463607225783402	0.013075504633225788	0.03300163527496932	0.014177777543321272	0	0.16176980013888345	0.02313173948219299	0.04580750351645438	0.9214832268599245	0.06386681386136972
SH0100	109364	0.15970795354339654	0.22389425273971414	0.1746476045767061	0.16407066734627043	0.15314393828066536	0.16196882623011258	0.18355405524421112	0.14464311381229328	0.13693944559570195	0.18331483422232295	0.16624985827831623	0.1665972967926714	0.27607901820607483	0.16783578122184484	0.1652798603722048	0.18634852396112797	0.15345269575765325	0.17298109949025076	0.17396299117434938	0.16176980013888345	0	0.1787564591452858	0.15774371442971705	0.9214832268599245	0.1977874791710258
SH0101	109365	0.02317278896306295	0.2017934984939334	0.17360645633646632	0.025882082132999806	0.02699655108295317	0.06128243601570967	0.16778455223031227	0.03933308203406684	0.14086838684784694	0.034754220059923006	0.014876440923004122	0.015030177261054701	0.11210218256470054	0.01092067792344098	0.025010888490722725	0.18463607225783404	0.029787628445218314	0.014044250728897407	0.023890211958540825	0.02313173948219299	0.1787564591452858	0	0.055821357314898	0.9214832268599245	0.05737111359171769
SH0102	109366	0.049517771019246336	0.20179349849393333	0.1711467355758696	0.046754565205295764	0.03693340368490949	0.017201575733572432	0.17492617705179275	0.0450262071747874	0.15197056727598673	0.06223793818555484	0.051015266558945525	0.04812732246415456	0.15705244258723577	0.04490067939145702	0.04303592473815832	0.1886474531975937	0.03749039913522415	0.05004599765986291	0.05102788934396153	0.04580750351645438	0.15774371442971705	0.055821357314898	0	0.9214832268599245	0.07989865132132479
SH0153	109417	0.9214832268599242	0.9016463114591668	0.9214832268599246	0.9214832268599245	0.9214832268599245	0.9214832268599245	0.9214832268599245	0.9214832268599245	0.9214832268599245	0.9214832268599246	0.9214832268599245	0.9214832268599245	0.9214832268599245	0.9214832268599245	0.9214832268599245	0.901646311459167	0.9214832268599242	0.9214832268599245	0.9214832268599245	0.9214832268599245	0.9214832268599245	0.9214832268599245	0.9214832268599245	0	0.9214832268599245
SH099	109431	0.07741267166995291	0.2137475584583991	0.20539968446447796	0.07555327623929507	0.06458374995161752	0.08124635549187213	0.1918578999738558	0.06873529847946963	0.16206640184463791	0.03027080772693662	0.06341987781856248	0.0557002184929161	0.16947329615641818	0.054608465970515684	0.06979666155887376	0.20418517269831837	0.06203772281128925	0.05373678980000265	0.0642968445135545	0.06386681386136972	0.1977874791710258	0.05737111359171769	0.07989865132132479	0.9214832268599245	0
