SH0002	109266	0.0	0.001717298032489913	0.003756504207634	0.001045468712890121	0.01789653994941045	0.002257640610007698	0.009480340876795654	0.020963803355899004	0.006056730617877543	0.011112822044147316	0.0016220402038320172	0.017038434592349837	0.018064176653611885	0.018660337421544885	0.017869476597930433	0.01739207054735492	0.020469795143897004	0.01849600809881932	0.018080513345762772	0.018489379788614927	0.018226207644698025	0.017796802033392817	0.01739673639676904	0.017389369176953433	0.019107537856496985	0.022982087556429935	0.01743359505745588	0.030605560582727412	0.017639553853492265	0.020317863199826956	0.01798984119918707	0.02962701602012157	0.017406945464870253	0.017212171972308926	0.01768587248533915	0.023095895122337513	0.031707020315846685	0.018956657451291895	0.018526130070049357	0.017355088437479217	0.02009346983259689	0.019962957070796542	0.029614680806966186	0.03251173967337719	0.027385849678172012	0.005108042405912077	0.0014648576637754864	0.0226470557029044	0.02512626410447227	0.026239046489019265	0.020043201553623796	0.024001226029876716	0.04630409735319655	0.04862310764579322	0.019190941829770512	0.018590672270626944	0.029412226686372202	0.03852550184336702	0.04782927226634046	0.024743435611364467	0.00812007626803851	0.023970096567091818	0.021872337105507483	0.04713082356969882	0.047510844293518956	0.03759507903631079	0.021452858234616654	0.03279104066093795	0.030429168863324037	0.047056275545602586	0.04603612998142212	0.029884665623760645	0.02981351742764285	0.03801645647071869	0.03813949099693986	0.03050482451010173	0.019427250584386165	0.02670046097880882	0.02655525605895762	0.03064298989177001	0.03107907704285881	0.027304413074727328	0.02632821744052469	0.025448811434197464	0.020563476677614233	0.021932046072991592	0.02147641967644917	0.031565313703171165	0.02182927381672539	0.028072016729074577	0.018615548338359343	0.02668108198159891	0.019417714553843522	0.02151264808545833	0.0464647325891516	0.04605526675477637	0.046493890590908186	0.0460972679897281	0.04670839542217552	0.021139000629808846	0.026787200242241512
SH0008	109272	0.001717298032489913	0.0	0.0041793821845248985	0.0014853872882430528	0.017810968773627898	0.0031627218164906553	0.00945266673887947	0.02081431471272256	0.006128122330740818	0.011135387051733277	0.0015752419570235943	0.017000288427748124	0.018025400705479817	0.018584672616707397	0.017830691004594678	0.01735373141846341	0.02043060451663643	0.018457788488507813	0.018042117908126175	0.018451341102987663	0.018188151319736355	0.01775822320879062	0.017358191476190277	0.017351001454317908	0.019016006208271753	0.022944300349867466	0.017395299699463945	0.03058971582761635	0.01759125295552224	0.020254318736338803	0.01783152520288977	0.029692068482405628	0.017394507237391905	0.0171707692955367	0.017546500658979274	0.0232946714217611	0.03177354781754152	0.01884499013721718	0.01848664598201151	0.017489142326705932	0.020106078974500185	0.019948237028676197	0.029589590339921323	0.032578332770057714	0.02732654752310851	0.005479550257084029	0.0021486547661465696	0.02275285366552721	0.025238041536539024	0.026412973918828412	0.020122561771806394	0.024139625935091294	0.04637205158940247	0.04869105997465832	0.01908982929604426	0.01848926426649019	0.029396383845039162	0.038420774254377954	0.04788047290380289	0.024682597002582567	0.00805865199065951	0.02390533625427447	0.0218059460989403	0.047198777805904736	0.047578794734701696	0.03753463759508736	0.021412746035506795	0.03273114490817838	0.030348798341048273	0.04711678095907812	0.0460922105298686	0.0299860370028612	0.029753423176291684	0.037980332652085204	0.03806412979053211	0.030488891915136263	0.01933511078365953	0.02664024336432734	0.026743603622618656	0.03051684621716867	0.030953880726864915	0.02719968548573825	0.02651668565190949	0.02563795757780926	0.020497884753750452	0.021868085291545377	0.021396010481745574	0.0315327976386922	0.02176474335683676	0.028123274150939452	0.01855023963962945	0.02686962510231998	0.019351360680115656	0.021476101832522246	0.04653262145532039	0.046123220990982296	0.046561818017857	0.046165093456720464	0.04677632088995178	0.021086318365994543	0.02675177431757371
SH0009	109273	0.003756504207634	0.0041793821845248985	0.0	0.0037793066905501068	0.018559530461074312	0.005159225563546132	0.010147744768945382	0.021634107795764624	0.00485991164932679	0.0092450053840523	0.004486703220399731	0.017684267345697877	0.018709875564062697	0.019306799307759324	0.018515300678249247	0.01803776945780573	0.02111618519937073	0.019141671486279092	0.01872629831528708	0.019135032324553405	0.018871860180636506	0.01844264238078955	0.018042725063897085	0.018035273530483484	0.019753972073205603	0.023642184142882237	0.018079504855661864	0.031143663193948453	0.018272233735910023	0.020970968852545784	0.018561133807270116	0.030248597123679725	0.016511305278030294	0.01689971565887887	0.018276491997889603	0.022625842662791253	0.03231043155501525	0.0196028977566552	0.019172537812770517	0.018213681182282355	0.020758837343262504	0.020571083424937457	0.03026088360241222	0.03311325617661379	0.027953986051258144	0.008120266701332335	0.004432096756735262	0.023477981228523726	0.025954596583956126	0.027122712096049727	0.020888893995803487	0.024907347064796193	0.046907007490057315	0.04922610566657039	0.019762624154000017	0.01916190555348696	0.030059636782520664	0.03909355153706132	0.04840354664809329	0.0253156590823148	0.008921574178882955	0.024545654155430634	0.022443776383167184	0.04773373370655959	0.048113766649544185	0.03817915140071723	0.022161537154381662	0.0333592062619956	0.0309983820181886	0.04765106801736527	0.046621337716724956	0.03060753833865562	0.030381692296344683	0.03868936351345695	0.03870993121868363	0.031128121878039303	0.020005198574870264	0.02727774371181261	0.027374524650250035	0.03121113236440237	0.03164717845874192	0.027872514490610442	0.02714748572025604	0.02627044918246708	0.021134631222811496	0.022509994063475695	0.022104398199889366	0.03221325194924239	0.022412835085682908	0.028796692244482648	0.01919268410543923	0.02750035057289133	0.0200679895944092	0.022164941130433005	0.0470676542732848	0.04665817689163714	0.04709681227504139	0.0467001896738613	0.04731131710630871	0.021848031914230518	0.027438455315787116
SH0036	109300	0.001045468712890121	0.0014853872882430528	0.0037793066905501068	0.0	0.017873582551812723	0.0024705699238951467	0.009588910729402015	0.02085591827903032	0.00572688447762352	0.011075530248560504	0.0015094806262927248	0.016986214593448377	0.018011427777261915	0.018539919342248898	0.017816694638185	0.01733965758416367	0.02045810845262043	0.01848521022348843	0.01813103418773477	0.018478639755006455	0.018215436726936	0.01774414937449088	0.017344132578930374	0.01733692762001817	0.01897207955935792	0.02294120348400217	0.01738124080220404	0.03076101285902286	0.01767047217867404	0.020271359476017894	0.01799093479674156	0.029591242339900896	0.017573884445878964	0.0173037182740262	0.017706254551907285	0.023489493167279992	0.031656342173422954	0.018852478939871645	0.01853851123433945	0.01744899606956031	0.020142169259669357	0.02009504502974595	0.029691925170188968	0.032460454017177225	0.027465133862977754	0.005102938677689545	0.0017473363350915551	0.022869307256875405	0.025355104007730278	0.026633911637828196	0.0202288115932203	0.02414600667124425	0.04632416387712023	0.04865278931223724	0.019224932830406487	0.018624638898376216	0.029570749601831318	0.03860509393275895	0.04786307619406066	0.02482118877010191	0.008035152942432199	0.02404328509767109	0.02194409845367064	0.0471371971026063	0.04754185961879617	0.03776042880201635	0.021530916233813546	0.03286990635708174	0.03048013377886491	0.047090073772864706	0.04606985505054379	0.030160691459878926	0.029892327290679217	0.03820086338881165	0.03828118650580164	0.030660188640329628	0.01946338236145349	0.026737544451726068	0.02691840182406194	0.030693954807310887	0.031130760029414218	0.027384005164119263	0.026691423955957454	0.025812612034826998	0.020635898196794004	0.022006528130694987	0.021580195698044945	0.03164407159538976	0.021903050921346087	0.02829790319284091	0.018688526976877617	0.027044388585769942	0.0193685185976307	0.02150327182787912	0.046415013932344255	0.04600561346800615	0.046444210494880865	0.04604748593374433	0.046658713366975635	0.021159935064451088	0.026779202838550623
SH0038	109302	0.01789653994941045	0.017810968773627898	0.018559530461074312	0.017873582551812723	0.0	0.019161008674392264	0.011633296408134666	0.0036924818352406666	0.016492182765689083	0.013835293940158824	0.018283046315372118	0.0029644241954623826	0.004020481772660514	0.003388954136697268	0.0029819682138075725	0.002867355040432466	0.006987818735370013	0.00377139710071932	0.0032013197871902104	0.004647084085006687	0.004335042325008353	0.0032530998718771904	0.003031159789431942	0.0030729492557456796	0.003494545974726565	0.007123339393088474	0.003058410785072377	0.014347806528162442	0.0030900818300262436	0.002647459036131343	0.00323490750014014	0.013617372634092363	0.007915155079935473	0.006119188191295733	0.003579610940705517	0.0095878270606619	0.019010014352795084	0.0045172384590136845	0.0035936250482751465	0.003150221099647859	0.004290449077415957	0.004290838143540166	0.01356413272373802	0.020296662440585905	0.01091743134526899	0.020442950678422424	0.01795863316	0.007173077583383173	0.008947034175563228	0.010422284784131885	0.0033956310918478567	0.00787322025714575	0.030385957077107204	0.032710310793819156	0.0013720450508918174	0.0013214907565268648	0.013241051524635708	0.022057392717108857	0.03191813590226794	0.009062704482389158	0.012837359588299211	0.0074807789262537824	0.0062700974578969604	0.031205282939506564	0.03159877692758632	0.02138279448444448	0.006044177571014386	0.016322962721600057	0.013928864247220552	0.031145150792065753	0.030124991115276372	0.013830993382683319	0.013345512134602177	0.022140369891249925	0.02179915484828965	0.014309778439542106	0.0025793049620087666	0.010231683848841367	0.010686728854316232	0.014146395200090086	0.014557842111140867	0.010835832006959732	0.010489839030006783	0.00965580540461018	0.005730420132483046	0.006433622370470459	0.006216073391922598	0.015098816719762485	0.006799816162508112	0.011968205115645293	0.0015684822825693691	0.010787180351831831	0.001574497256309984	0.008325896658024983	0.030508601318141346	0.030099044968143324	0.03053775931989794	0.030141136718717855	0.03075226415116527	0.005400040148234347	0.010250299622145406
SH0041	109306	0.002257640610007698	0.0031627218164906553	0.005159225563546132	0.0024705699238951467	0.019161008674392264	0.0	0.01098632036947059	0.022213941852495683	0.007574924859934154	0.012506719215367078	0.0020840057237383833	0.018386868898894276	0.019412610960156323	0.020009210244374593	0.019217934641484125	0.01874050485389936	0.02181861345443998	0.01984442050625966	0.01942898309241568	0.019837767466578178	0.019574595322661273	0.01914523633993726	0.01874527055223878	0.01873783643418106	0.020456389734167277	0.024330408466984206	0.01878206775935944	0.03203289425989055	0.019000522787587442	0.021585615136047686	0.01933123866084531	0.03094413576925224	0.018831820543082523	0.018556052409549186	0.019047121175014496	0.02464348163539378	0.0330158558924855	0.02030532608108196	0.019874966164741676	0.018784435043188	0.021451063171039987	0.02133290346472964	0.030972854655773076	0.033820010697519345	0.028737343801897818	0.0038034778972764276	0.0018756837958215655	0.024132669094057826	0.02660446954201835	0.02782099668705834	0.021486660798178955	0.025472173098762683	0.047611796791302174	0.04993906157053136	0.020474418641530746	0.019874118358315623	0.030839547526176892	0.03987696088870333	0.04914933493447827	0.026097728967675066	0.00952975893741028	0.025330535206415126	0.023233484379728043	0.04843852300780444	0.04882813376477263	0.03902245059106409	0.02284573919969622	0.03414256424309571	0.03174848718922491	0.048376349824276084	0.047356204260095604	0.031346943669430326	0.031165050328218796	0.03944380101359219	0.039553213742177004	0.03193218157321666	0.02070743208231802	0.028057707267089785	0.02810538272437819	0.03196601814209445	0.032377882224244765	0.02865587212006363	0.027878343794384197	0.02699891111231225	0.02192457382140072	0.023289957796058636	0.022869372084382965	0.03291793103436736	0.023187185539792432	0.02950319522107551	0.01997627194038121	0.028231208647019477	0.02068878217457703	0.022861016964960058	0.0477724436377929	0.047362966192882	0.04780160163954949	0.047404979038369405	0.048016106470816826	0.022519572956151736	0.02813153113002119
SH0053	109318	0.009480340876795654	0.00945266673887947	0.010147744768945382	0.009588910729402015	0.011633296408134666	0.01098632036947059	0.0	0.014699945973598178	0.008136347699832689	0.007104755166005131	0.009860737813830747	0.01077941134369438	0.011805114237410678	0.01243118736209161	0.011610545398332048	0.011132989939656264	0.014217082414804813	0.012237104667548526	0.01182143670835437	0.012230464018933924	0.01196729187501702	0.011537739617191612	0.01113773374806183	0.011130306760752226	0.012847321418530702	0.016780789232575324	0.01117453309441049	0.024421886731751045	0.011387431495392139	0.014070614771072635	0.011698496782968495	0.023574095781818044	0.013126181567697973	0.012761405351400499	0.011336115048897862	0.018048710586232208	0.025578397572087637	0.012608243834190656	0.01226645626870875	0.011341601200723379	0.013928036034568339	0.013804545571954424	0.02348236947336814	0.026421700106389584	0.02116375315668772	0.012131701218362772	0.009839533318909365	0.016686191153016568	0.019193575832355366	0.020392493024110375	0.014090693725929733	0.018054372196146015	0.04025684301225709	0.0425786178377976	0.012946539525905545	0.012344055290949296	0.023292608128468405	0.032303386697088605	0.04178890471962103	0.018510947009430928	0.002357198888866187	0.017727236369081238	0.015567308187424543	0.04108356922875937	0.04146768814435653	0.031452404905645666	0.015371107619499873	0.026516562619136784	0.024207059532141858	0.04101590229842506	0.03999572591965949	0.023882549986516014	0.023591505315200018	0.03192336864441298	0.03194211895778892	0.024360962893169573	0.013189049524022846	0.02047771534314978	0.020563481517455486	0.024420804825284876	0.024856961896580394	0.021082297928448915	0.020384636361327445	0.019505216921484117	0.01431050049938118	0.015705217889802933	0.015313007817410214	0.02534353777715674	0.015595015824289174	0.022019788425076386	0.012374596664030409	0.020689316922030115	0.013168296688088731	0.015263916355320695	0.04041744173316895	0.04000801241383692	0.040446609440711635	0.04004997713374545	0.040661112312806405	0.014975506326119992	0.020543341219394436
SH0067	109332	0.020963803355899004	0.02081431471272256	0.021634107795764624	0.02085591827903032	0.0036924818352406666	0.022213941852495683	0.014699945973598178	0.0	0.019420168986660755	0.016817162907796106	0.02130173553225501	0.006194071538714813	0.007250129982948938	0.00661771913530715	0.006210402973450626	0.006046937182685999	0.010138458712025537	0.006878206006548315	0.006457539181305585	0.00787673229529511	0.007564690535296775	0.0064000813812606135	0.006260438380246062	0.0062872036668457035	0.006722602066009409	0.010312247803167893	0.006274976854241025	0.014872263865284462	0.006338287459165147	0.0017064474666392323	0.006504948038671883	0.016526631823117834	0.011088111582348376	0.009378722026652388	0.006849746534013839	0.0128163520139799	0.022038394850810303	0.007745929443551057	0.006851593647069522	0.006111079941786042	0.00748250098927522	0.0074846579596492095	0.01651919882474647	0.023325042938601125	0.011441888682391013	0.023511437764109574	0.021056120661586023	0.010401224175716385	0.010331723110885037	0.010946739940747699	0.006919564129794241	0.011054440698809023	0.03083474206241303	0.033163459920493674	0.0040574996296419774	0.004701227876394636	0.01376550886175773	0.022581509945591032	0.03237373328444059	0.012290204226461958	0.01591174391878917	0.009962290708934977	0.009526952073736952	0.03164785415349815	0.03205253211473494	0.021907055505560456	0.009303564482364128	0.016847420058722078	0.014453321584342574	0.0316007481742384	0.03058058849744902	0.014355450719805339	0.013869969471724197	0.022664356017820374	0.022323213076610265	0.014834235776664125	0.0031338303187969456	0.010756141185963387	0.011211186191438252	0.014670852537212108	0.015086025987841294	0.011360289344081754	0.011014296367128805	0.010180262741732202	0.009000331387965337	0.009639002581166504	0.009466700820280399	0.01562219894672104	0.010005879943272391	0.012492662452767315	0.004268311115529824	0.011311637688953852	0.003529241142655088	0.011370952649155506	0.03092574800329698	0.030516191653298955	0.03095490600505357	0.03055828340387349	0.031169410836320903	0.008627584511991377	0.010844108522135174
SH0103	109367	0.006056730617877543	0.006128122330740818	0.00485991164932679	0.00572688447762352	0.016492182765689083	0.007574924859934154	0.008136347699832689	0.019420168986660755	0.0	0.005847067566411509	0.00640837908674022	0.015635741688984163	0.01666105270269496	0.01718755328590993	0.016466325362475415	0.01598918786433204	0.019072408810679953	0.0170933513890488	0.016739262757397212	0.017086794364223706	0.016823622220306804	0.016393733143286873	0.015993703411329732	0.015986454715553954	0.017618985326114688	0.021581490552541768	0.01603077390185033	0.02930418742738119	0.016320042431689337	0.018899101104246228	0.0165694426798993	0.028204403885650098	0.012770976951987388	0.013519624001177365	0.016103460812910017	0.020526319755525956	0.030180724232583576	0.017472172678649346	0.017188452493393205	0.016105804365328005	0.018748212945736812	0.01870108252850225	0.02827133995034004	0.030982829666562885	0.026080990897793213	0.010378151246322017	0.006801701558390829	0.02153262809952142	0.024019528698474298	0.025121343931694455	0.01890439705033886	0.02280554143653804	0.04491178282054944	0.04726238804168431	0.017848387072002432	0.0172445552736265	0.028110854172893895	0.037220935149069	0.04645069513748987	0.02342813397325101	0.006773809542054362	0.022660356536226355	0.02055384717171625	0.04572481604603552	0.04612947856222538	0.03630123454591855	0.02021403753996196	0.03148583655445742	0.02910165027166154	0.045677692716293905	0.044657473993973004	0.028648050465422355	0.028508245109494734	0.03671445367374265	0.03683482855903229	0.029170035181962845	0.018091208109108078	0.025395435436790244	0.025405837810382855	0.029315471300107518	0.029752187541145208	0.0259998463804293	0.025178859942278368	0.024299971040370422	0.019244394676010863	0.02062611382382835	0.02018995957061733	0.030259955541219585	0.020523341567562147	0.026785315597471306	0.01730880386579188	0.025531762444121833	0.017995590997312242	0.020122960232738126	0.04500263287577346	0.04459323241143536	0.04503182943831007	0.04463510487717354	0.04524633231040484	0.01976907485854853	0.02539837335022828
SH0104	109368	0.011112822044147316	0.011135387051733277	0.0092450053840523	0.011075530248560504	0.013835293940158824	0.012506719215367078	0.007104755166005131	0.016817162907796106	0.005847067566411509	0.0	0.011536543812055619	0.012937727643073915	0.013963090768950585	0.014553609858057988	0.013768363428731039	0.013291170633789205	0.01638489637860371	0.01439536940549227	0.014041086511190208	0.01438878031831346	0.014125608174396556	0.013695716148731517	0.013295675657879433	0.013288464412829583	0.014954565137422215	0.01893695172260408	0.0133327838811531	0.026624740412750373	0.013622015126387695	0.016242210373154518	0.013869848322810067	0.025610135761460755	0.00810633473589949	0.01020425462129235	0.013381561149724698	0.017316415892796373	0.02762307781323456	0.014725956048573137	0.014490724784336589	0.013499289620505835	0.015957382560486535	0.015904907712375918	0.025617658724569912	0.028456119648461224	0.0233943482996846	0.015246467029042799	0.011487360505041708	0.018933713335113473	0.02142435034665282	0.022529867757485722	0.01633902548385196	0.020209156169371103	0.04236259226903937	0.044691217704156384	0.0151915344509881	0.014587578818220478	0.02543140843017319	0.03453423694668902	0.04390150458597981	0.020738215116322282	0.007597862112344032	0.019973382977312798	0.017861667525028005	0.043175625494525444	0.04358028801071531	0.0336139258173002	0.017614366984153067	0.028799127094620174	0.026437263619239863	0.04312850216478384	0.04210828344246294	0.025991366874625846	0.025821482096862056	0.034035007159917495	0.03414813035665232	0.026523916500270295	0.015434231653702054	0.022708889105766215	0.022749221321366826	0.02665108464768584	0.0270878121461808	0.02331314817804932	0.022522243453262338	0.021643287449573913	0.01655032362936498	0.017939027142307485	0.01755495169633234	0.0275734872331528	0.017836254886041285	0.024128616207796258	0.014621717184271018	0.022875138286256626	0.01533871958717326	0.01743548282302658	0.0424534423242634	0.042044041859925295	0.04248263888680001	0.04208592197750353	0.04269714175889478	0.017142170582552445	0.02271130098473024
SH0140	109404	0.0016220402038320172	0.0015752419570235943	0.004486703220399731	0.0015094806262927248	0.018283046315372118	0.0020840057237383833	0.009860737813830747	0.02130173553225501	0.00640837908674022	0.011536543812055619	0.0	0.017492451291185616	0.01851764255629901	0.019049479562891717	0.018322915216079465	0.01784589428190091	0.020923142943465325	0.018950014324924592	0.018535746722892127	0.01894350396642516	0.018680331822508257	0.018250406609552027	0.017850357744160657	0.017843164317755407	0.019480910626795116	0.023436419971715267	0.017887462751145593	0.03110619154777531	0.018116579325601484	0.020707180647009958	0.01833677240918264	0.030078215080423732	0.018061741770854192	0.017796280193900126	0.01805197405102584	0.023928304696344067	0.03210376552313607	0.019299522054825703	0.018984692081839647	0.017942541513277774	0.02063810004291174	0.020530862851706407	0.03006557892093274	0.03290787736689034	0.02786613808486551	0.004578642797956785	0.0013185954519816258	0.023275095283074046	0.025757069942396096	0.02701634968158848	0.020630945194969712	0.024608585538831156	0.046766736702961005	0.049095362138078025	0.019601466131475103	0.01900107085367516	0.029981093726876015	0.039006137502787155	0.04830564901990145	0.02522304817772695	0.008625645410474354	0.024447699771251226	0.02234905942873517	0.04758390558183898	0.04798443244463696	0.03813652057657379	0.021961230395110252	0.033270867913150606	0.03087680233344684	0.04753264659870548	0.046512427876384585	0.03057103558492363	0.030293233160538023	0.03861118088276228	0.03862638795264507	0.031021692629283747	0.019838885165627814	0.027180203771832025	0.027328715303249283	0.031094333286316375	0.03151075597741163	0.02778504873414746	0.027101751433100306	0.026222956159871698	0.021040890929184604	0.022409716167963833	0.02195737477290407	0.03204503767677617	0.022306943911697633	0.028708247317885602	0.019092406209927373	0.027454696225637176	0.019805313849204014	0.021967439581012813	0.04691774923125464	0.04650834876691654	0.04694694579379125	0.04655022123265472	0.04716144866588602	0.021597162803615465	0.02724259932778703
SH0010	109274	0.017038434592349837	0.017000288427748124	0.017684267345697877	0.016986214593448377	0.0029644241954623826	0.018386868898894276	0.01077941134369438	0.006194071538714813	0.015635741688984163	0.012937727643073915	0.017492451291185616	0.0	0.0022771098429186926	0.002667831473648994	0.0018127218582572062	0.001334812653512633	0.005969925644606618	0.0025515808178181356	0.0021372750161348054	0.003083709271092392	0.0026831222784807797	0.0009527370275734338	0.0005078406309050206	0.0004575433800257727	0.003302023351828451	0.007097396309469645	0.0005295088898559428	0.015020027949643246	0.0010060453400387325	0.004766707579105261	0.002079434527001533	0.014664198716754017	0.006814209127942606	0.005128024670885931	0.002426455500661645	0.009946817437251811	0.01800852883187646	0.002906951571454858	0.0025522072889130475	0.0015928241304621854	0.005034766920438553	0.005007088340248525	0.014649077115932531	0.019295117801493726	0.01158917060650934	0.019560903251280192	0.017099684518920414	0.007106660761497935	0.009619196276474418	0.011095038225566687	0.004515774941814315	0.008404181284829932	0.0314177821085544	0.033746709423448554	0.0036633371079977887	0.002731975343414776	0.013913043589637599	0.022729182363136105	0.032956659539937344	0.008934743141944295	0.01191192566273394	0.008154720654003246	0.0060143036908263305	0.03223089245366296	0.03263546883659446	0.022054351531542633	0.005736940861412858	0.016994753314198762	0.014632856944142715	0.032183747080693305	0.03116357262249974	0.014502938646338953	0.014017302727200878	0.02281119105079804	0.022470405179206124	0.014981470046383984	0.004146383305367849	0.010856958806102834	0.011359525191386357	0.014846677972588693	0.01528275756262789	0.011507729804053202	0.011162642305747848	0.010329590916316526	0.004682097516797379	0.006133022155023548	0.005712500920754933	0.015770698610032125	0.006022851965598807	0.012640620074277681	0.003180222194626074	0.011460030833307657	0.0038761473190386526	0.0073340494435927325	0.0315087281486775	0.03109928907661064	0.03153788615043408	0.031141283205808862	0.03175239098170142	0.00528506851282553	0.010885815665586236
SH0015	109279	0.018064176653611885	0.018025400705479817	0.018709875564062697	0.018011427777261915	0.004020481772660514	0.019412610960156323	0.011805114237410678	0.007250129982948938	0.01666105270269496	0.013963090768950585	0.01851764255629901	0.0022771098429186926	0.0	0.003876363531823736	0.0030392941859786527	0.0024708316158249194	0.006916912421914967	0.003672952064950174	0.0034328783490182807	0.0013239273845622817	0.0011824256446128522	0.002868650306224183	0.002474030473318287	0.0024887565757403573	0.004405690614736201	0.008388699591565147	0.00254307625835843	0.016311096163496176	0.0028253751987555495	0.005822766023339383	0.0033734482742478235	0.01579027181590982	0.0078328216375865	0.006294184435999179	0.003640951600716585	0.011238106535829276	0.01903148586631289	0.004043764564587589	0.003777995643056257	0.0028414598056806717	0.006214826738118006	0.006253543609600718	0.015775189537142676	0.020317960547037123	0.012879983339356768	0.020586645312542246	0.01812542658018246	0.008397993150797067	0.010910644281806273	0.012385366676073463	0.00580711894653195	0.009695513674129064	0.03258632751090515	0.03491533488744923	0.004718772621119612	0.00402265131550581	0.015204345835213958	0.024020149698124584	0.03412521279573512	0.010225560463684218	0.012937667723995988	0.009445401582105412	0.007304979662917365	0.03339949775224751	0.03380404638735224	0.023345177746011518	0.00702827325071199	0.01828513745797085	0.015923319686265265	0.03335236411253091	0.03233213850909441	0.01579423727396979	0.015307572239902425	0.02410170339910624	0.02376138001758326	0.016272732592667156	0.005243784798600104	0.012080230671235617	0.012649933327496855	0.016137133518392733	0.016573935335364127	0.012798876003321467	0.012453051436767266	0.01162092330561566	0.005973172994355132	0.006975450192939157	0.007003437653406116	0.0170613530879902	0.0073134438748861195	0.012852951980153387	0.004277643408330612	0.012750761343500778	0.004931790263300361	0.008281612214897647	0.03267724437291317	0.03226788649725878	0.032706498931719605	0.0323098065456634	0.03292088659537163	0.006576400902124661	0.009485150145535125
SH0021	109285	0.018660337421544885	0.018584672616707397	0.019306799307759324	0.018539919342248898	0.003388954136697268	0.020009210244374593	0.01243118736209161	0.00661771913530715	0.01718755328590993	0.014553609858057988	0.019049479562891717	0.002667831473648994	0.003876363531823736	0.0	0.001733734177350454	0.0022047163485355344	0.00762120635957214	0.002920834355286246	0.0021565205542735423	0.004750975456796223	0.00435086388805593	0.002518930672856178	0.0024413176642700454	0.002583985902495579	0.0009344956377113834	0.006301362028074581	0.002499157373909097	0.014256590693932113	0.002302036041286446	0.0051901451138078505	0.001937332827470721	0.013581698546740762	0.008032842102131088	0.005597221536127263	0.0023402408839577854	0.009182548991148494	0.019496802968175755	0.0038314373126164007	0.002064381050027935	0.002604144656719425	0.004244501165537948	0.004216822585347921	0.013371090718187036	0.02083655338547746	0.010824653726071134	0.021183295281805695	0.01872161262771583	0.006310142387560955	0.008824677315319081	0.010297572793666276	0.004515489127613361	0.007609196940588377	0.030634103300791027	0.03296272082138414	0.004084422355672374	0.0030359932908465247	0.013149606333926464	0.02196578940848105	0.032172980732173964	0.008170549144186127	0.013563995921967123	0.0073868960358615485	0.005244198495634529	0.03144714779516998	0.03185179002883108	0.021290574900396146	0.00491406083982561	0.016222918721278824	0.013868315122216101	0.03139999519585461	0.030379768581560183	0.013739501390627816	0.01324524726551544	0.022047383771849494	0.021706907566208692	0.014168849966582384	0.004570012608246705	0.009591239030171906	0.010593921537868593	0.014081325544337334	0.014519320306916753	0.01074442739845746	0.010397556460897014	0.009565347721239431	0.004765169000448679	0.005365730702678307	0.004844267780264345	0.01500031736561421	0.005600300769559009	0.011877029447470835	0.0036031181755534956	0.010695032317634613	0.004298375158127081	0.008985366663552026	0.030725010733185378	0.03031561026884727	0.030754207295721987	0.03035748273458545	0.030968710167816767	0.0044881778695933655	0.010121621667828064
SH0023	109287	0.017869476597930433	0.017830691004594678	0.018515300678249247	0.017816694638185	0.0029819682138075725	0.019217934641484125	0.011610545398332048	0.006210402973450626	0.016466325362475415	0.013768363428731039	0.018322915216079465	0.0018127218582572062	0.0030392941859786527	0.001733734177350454	0.0	0.0008811217662625305	0.006713209625770618	0.0017562952421286168	0.0011363437920520459	0.003913978091761545	0.003513391099149932	0.0013789220990273248	0.0015388072970676536	0.001666368666952876	0.0023252554925152244	0.0060979567259007205	0.0015692471951434654	0.014020057258310755	0.0012150767984602743	0.004783039013841073	0.0013744611501632724	0.013851004132846557	0.007644643722107104	0.004815311009324158	0.0019859383938852244	0.00894733456296122	0.01868834615297254	0.002883074003267279	0.001336453925040032	0.0016684786828717593	0.0043714924817212526	0.004343813901531225	0.013835832244111803	0.019974938765915634	0.010588145001481185	0.020392130310353127	0.01793091157799334	0.006107221177929011	0.008619257865842674	0.010093486227171737	0.0038106881585154824	0.007404741701261009	0.030755543278257597	0.03308446694982592	0.0036781675183554805	0.0025709985496597276	0.012913072898305105	0.02172921167180361	0.03229442070964053	0.00793527127767462	0.01274315272180687	0.007154014990392313	0.005012476675654149	0.03156864998004033	0.03197323000629765	0.021054089141112887	0.0047113946848702576	0.015992266319765813	0.013632012527912329	0.03152150460707067	0.030501265231930422	0.013502967955006459	0.013014763591855199	0.021810596514631703	0.021470274290755934	0.013981493096222814	0.004189776782023128	0.009618832065731405	0.010358697439151321	0.013845184340839155	0.014282786871295394	0.010507670222606503	0.010162305764261408	0.009330151332747602	0.003682428164007938	0.0051318022120907855	0.004712691973024302	0.014768720938534884	0.005020843938016696	0.011641148210008006	0.003223515652980677	0.01045985338390349	0.003892063253802049	0.008165564448173441	0.03084645071065195	0.030437050246313834	0.030875647273188554	0.03047893872528105	0.031090150145283324	0.004285628929256605	0.009886343801316559
SH0032	109296	0.01739207054735492	0.01735373141846341	0.01803776945780573	0.01733965758416367	0.002867355040432466	0.01874050485389936	0.011132989939656264	0.006046937182685999	0.01598918786433204	0.013291170633789205	0.01784589428190091	0.001334812653512633	0.0024708316158249194	0.0022047163485355344	0.0008811217662625305	0.0	0.00624347517126733	0.0014674560233912267	0.0013925352271081327	0.00342665523779925	0.0030260682451876365	0.0006523921790470268	0.000905875759930392	0.0009910402948615279	0.002838853819683178	0.006354100862261	0.000870524915110914	0.014276161839520069	0.0007059047524805531	0.004619573223076447	0.001563507320491863	0.01412211115279233	0.007164255906249223	0.004682285952318057	0.0019831318631855716	0.009203518389048418	0.018361251048341597	0.002447678935501958	0.0018992230023280818	0.0010901366251786812	0.004591564276702015	0.004563885696511987	0.014106857483235105	0.019647885484686097	0.010811270571427029	0.01991453920628528	0.017453320473925497	0.006363405004016208	0.008875583283897454	0.01031269088610275	0.0037725307997510905	0.007660925527348206	0.030974475357267158	0.03330335720543408	0.003516019559225004	0.00250649355947722	0.01316935329469021	0.021985278283802163	0.03251335278865009	0.008191210959084004	0.012265561617739023	0.007411271932231727	0.0052708549690548105	0.03178756836469429	0.03219217228123655	0.021310315950229138	0.0049936851039311305	0.016250710621680358	0.013888797869729744	0.031740420192864174	0.030720197663318464	0.013759244733446044	0.013273243652787906	0.022067148358279637	0.02172651117627534	0.01423774005214341	0.00409846700923132	0.010093695573882951	0.010615814489043968	0.014102618898175719	0.014538942794840377	0.010763800035257948	0.010418971293132375	0.0095863351588348	0.003938584847574273	0.005355638045735774	0.004969040945346526	0.015027249888260607	0.005279364998897075	0.011863192193628051	0.003132305898489547	0.010716366197169792	0.0037289032626664103	0.007687815879734314	0.031065382789661505	0.03065599747365235	0.031094591651785887	0.030697932599762806	0.031309082224292885	0.004541812755343802	0.010108387784936605
SH0033	109297	0.020469795143897004	0.02043060451663643	0.02111618519937073	0.02045810845262043	0.006987818735370013	0.02181861345443998	0.014217082414804813	0.010138458712025537	0.019072408810679953	0.01638489637860371	0.020923142943465325	0.005969925644606618	0.006916912421914967	0.00762120635957214	0.006713209625770618	0.00624347517126733	0.0	0.0074567343124318985	0.007073664143802726	0.007278738133673279	0.007015583844380925	0.006728030627874205	0.006327987762409928	0.006320728157163686	0.00803746999667129	0.012002957376391114	0.006365035349406728	0.019889800110502506	0.0066600037860594825	0.009286179785808648	0.007004330591760687	0.019082913736979817	0.010478866191161777	0.009730141321221615	0.00726701773657977	0.014821375465487839	0.02144564401949442	0.007887416429230833	0.007365505648408727	0.00643937234421398	0.009798260209915062	0.009836280147477984	0.0190679200557157	0.022732378865645417	0.01645892494694756	0.022992526133589482	0.02053080346105564	0.011980520554467041	0.014489183785788631	0.015963250345976784	0.009383105154274448	0.013277240971126904	0.035835310142579055	0.03816392766317216	0.00821048071201965	0.007606188470706566	0.018782815750496857	0.02759912395151836	0.03737418757396199	0.013809794227797538	0.015347606575147126	0.013022764862219776	0.010890573934616128	0.036648354636958	0.03705299687061911	0.02692396485307246	0.010639514058992447	0.021805097133666934	0.01939378377071657	0.03660120203764264	0.0355809754233482	0.01937271080719821	0.018886323699169236	0.027680531392604086	0.027340225081295414	0.01985123594841457	0.008483896468923464	0.015773002391258395	0.016227789448028426	0.019607618536612505	0.020152529723487148	0.01637774583809768	0.016030966212770215	0.015198267781319197	0.009578649221353389	0.011000230604232263	0.010589541891083099	0.020638703008834098	0.010889779921526264	0.017510375514241394	0.00764969644318906	0.01632830237911141	0.008296287570352836	0.001591337244222667	0.0359262175749734	0.03551681711063529	0.035955414137510015	0.035558689576373474	0.036169917009604785	0.010166630812023812	0.015754480360353786
SH0050	109315	0.01849600809881932	0.018457788488507813	0.019141671486279092	0.01848521022348843	0.00377139710071932	0.01984442050625966	0.012237104667548526	0.006878206006548315	0.0170933513890488	0.01439536940549227	0.018950014324924592	0.0025515808178181356	0.003672952064950174	0.002920834355286246	0.0017562952421286168	0.0014674560233912267	0.0074567343124318985	0.0	0.001146742264200251	0.004604213232054529	0.004203695619090937	0.001808672938927249	0.0021407239636059986	0.002221786517215358	0.0035549958362674325	0.0070218364090776225	0.0020894076781051265	0.01491332355048866	0.0017893940358450911	0.005450842046938762	0.0022118347407940812	0.01452481135683876	0.008271705883532748	0.0054438427697888515	0.00261348013850746	0.009717716418147757	0.01952768609560042	0.0036843474849530505	0.0026492260583991156	0.0021883171971566707	0.005177502002466228	0.005149709916038716	0.014693044458052987	0.020814372603552945	0.011276443499292261	0.0210182066513962	0.018557019895688406	0.007000626539285836	0.009512879658679533	0.01095142310999262	0.004650273824242808	0.008298147062617833	0.0316216949427905	0.033950565469801366	0.004347370219077097	0.003410986212573765	0.013806573222206448	0.02262236763924541	0.03316059720248671	0.008828201783902477	0.01336926103950193	0.00804848559472672	0.0059080686315498045	0.0324348314398675	0.03283943029551162	0.021906648674424586	0.005657273220383823	0.016887746638284087	0.01452636243062	0.03238768282836174	0.03136752756611571	0.01439646466096228	0.013910220065323152	0.022642875612152856	0.02236390288879797	0.014875208861029152	0.005002961709602055	0.010799087794545394	0.011253195932753913	0.014740002495415936	0.015176162722356612	0.011401071476343632	0.011056368783224317	0.010223570518961826	0.004576267654058438	0.006026920663364355	0.005606589265483508	0.015664474762872613	0.005916446712114817	0.012534273357233497	0.004036774862303869	0.011353861448814487	0.004585811870096244	0.008820534182697888	0.03171281612601711	0.031303255062257465	0.031742014943660746	0.03134539606868343	0.03195649287080113	0.005179034290613429	0.010779478565012848
SH0065	109330	0.018080513345762772	0.018042117908126175	0.01872629831528708	0.01813103418773477	0.0032013197871902104	0.01942898309241568	0.01182143670835437	0.006457539181305585	0.016739262757397212	0.014041086511190208	0.018535746722892127	0.0021372750161348054	0.0034328783490182807	0.0021565205542735423	0.0011363437920520459	0.0013925352271081327	0.007073664143802726	0.001146742264200251	0.0	0.004190817993445944	0.003790290191544742	0.001773354548897183	0.0018964348065339414	0.0020038665922025374	0.002790712432453	0.005983994517811684	0.0018947005921225869	0.013813884969256314	0.0015221196127852344	0.0050301752216960335	0.0016562106706480158	0.013880346704240114	0.007858186993375631	0.0050307748137988495	0.0021993319786375873	0.00874180458884174	0.019112927348317748	0.003417742152441797	0.001856496233294351	0.0019461257295237747	0.004474898963267983	0.0043857043605155955	0.014027923316536102	0.020399650068941372	0.010249852510503374	0.02060251023585415	0.01814134543207244	0.0059013396116585	0.00841337508581803	0.00988949874834023	0.003929461255479048	0.007260202218315496	0.030796377372982804	0.03312510814361756	0.003865440416047692	0.0027577544587024257	0.012707134640974095	0.021522883672195486	0.032335265839711046	0.007728961549263016	0.012953580363409972	0.006949548179765987	0.004809131216589071	0.03161493293580899	0.032014122914641535	0.020848342760563895	0.004557986292756488	0.0157885939802005	0.013426923849387649	0.03156236525855405	0.03054220287847122	0.01329702607972993	0.012811113251707583	0.02160516276843185	0.021264412066807504	0.013775770279796802	0.004349729955730717	0.009700150379584662	0.010154032728574416	0.013640685032694763	0.014076724141124262	0.01030160197780276	0.009957091961650878	0.009124283185242723	0.0035543349967390213	0.004927842467817211	0.0045073621098690765	0.014565768922907785	0.005061203291195355	0.011435006629325966	0.00338354310843253	0.010254628346203247	0.00413981393655182	0.00843742950686295	0.030948840639534403	0.03053927957577477	0.030978039457178044	0.03058142058220074	0.031192517384318427	0.004141089446311093	0.009741613947338423
