SH0002	109266	0.0	0.003582961122346862	0.003965453957927219	0.0023234632789003945	0.017818884718866043	0.0028052990956714584	0.006581150840538573	0.019871515973753015	0.004621550593630821	0.009538931547941169	0.0026754971208263123	0.017080977343013386	0.018672505916032138	0.019936779023671518	0.019313145595661795	0.018629777322572552	0.02027616278308468	0.020455185962606714	0.020102153559402283	0.018968902685143195	0.018355291644734033	0.018790703763807308	0.017982151735718415	0.01774395804199756	0.020673950050650293	0.020892304113042017	0.018113367816139283	0.0281681535009668	0.018321628573424953	0.019199662220199826	0.01909725346882057	0.02781610163305637	0.015985890020585775	0.017401314334557334	0.01716841881502004	0.01996860739473129	0.02876022406031895	0.02010677346371833	0.02002674801042027	0.017737964197098915	0.020265439417736328	0.019692068538988527	0.027019185778608304	0.03006497338690576	0.025796330970296148	0.004349472597215821	0.0032778801101879273	0.02165294841618855	0.022670614715227855	0.023883484518878558	0.019330639701177276	0.022562829776676924	0.04191332766219279	0.045689584887930706	0.01937765008289637	0.01949353848498173	0.02752761712180542	0.03449153417690508	0.04675169787512408	0.023555465122493624	0.006493922815078864	0.02286393859938668	0.02224021291224702	0.04231164425672329	0.04248968841844952	0.032331296747804314	0.02214498713994293	0.03129124576506759	0.028074273506976843	0.04214470391650812	0.04124921604190551	0.02832036090072208	0.028896886564718716	0.03217963900356949	0.03371165786059729	0.028083963665243	0.01894287557345323	0.025258445487814682	0.02451305113532901	0.028263991006336326	0.029166883853366243	0.025285187546562348	0.023996726436080782	0.02169557738175722	0.021889573698781556	0.021479859436374427	0.021403841439565235	0.029696930464865892	0.023385316353104597	0.026686586112628197	0.018524899615914685	0.02536990827641987	0.01893154644040877	0.02160304348953843	0.04258477881067232	0.04008620275100571	0.0419449138152275	0.041516287547641764	0.042764085821384266	0.02172626977308591	0.026555642652339253
SH0008	109272	0.003582961122346862	0.0	0.005598041757236254	0.0036840403629055177	0.01722778800150375	0.0053010752964888	0.006584591148982779	0.019371516067485564	0.004229526558618987	0.009869863467880734	0.0024302508103148214	0.016754421767748426	0.018345760574675858	0.01946210593495873	0.018985617636618893	0.01830283869935715	0.01995160169128528	0.02012964392132858	0.019712568152224073	0.01864415621250204	0.018030780986940532	0.018463778399836185	0.017655239775796906	0.017417144986522637	0.02019880024169417	0.020567925328423525	0.01778678929304279	0.02785200656683083	0.01793054754854997	0.018785810493581	0.018490568433819944	0.027630681173273643	0.015796618474180225	0.01689039236402345	0.016629268315731367	0.02003116563566371	0.028485174571682627	0.019632228729644628	0.01966739808263861	0.01773727295355591	0.020007406455655637	0.019369527916430776	0.026686264956947633	0.029934078601245934	0.025416619759266786	0.006167591096805723	0.004119491612158235	0.021621679682582745	0.022643610771038606	0.023993011107800555	0.01920805523027979	0.022599000664121762	0.04176544403410505	0.045563977436905184	0.018873382814198165	0.01898840233860576	0.027219288223753843	0.03399642329470133	0.04657084119466173	0.02317548604399268	0.006656610606874678	0.022479574597106033	0.02184978175957247	0.042177949723361134	0.04233544289508755	0.032003706724743536	0.021739458752917308	0.03091030861222451	0.02762392565019181	0.041984798631396925	0.04109414472498309	0.028089560179125173	0.02851548667509884	0.03201744565082232	0.033278078037200814	0.02776749298072473	0.01846142141025689	0.024874949139857095	0.02457080636226911	0.02769684269189292	0.028602303352237075	0.024789691223531644	0.024054600671556108	0.021753192438394516	0.021501328697581746	0.021092551064879915	0.021002379690577846	0.029356568232208773	0.023001794226892143	0.026496466798542374	0.018137242999931653	0.02542757454206361	0.01851665993635512	0.021282612354393087	0.0424571417251726	0.0399588886152603	0.041817488493722035	0.041388543786323784	0.04263669128286009	0.021426185774822866	0.026235958205795894
SH0009	109273	0.003965453957927219	0.005598041757236254	0.0	0.0040136799098358395	0.019260866506552458	0.00430734828779658	0.008096939156481667	0.02138857647970563	0.005817637102725386	0.009752619498222224	0.004849962832612985	0.018553349681376362	0.020144600299385737	0.021446607581667783	0.020785572927021535	0.020102149660935525	0.021749484859857227	0.0219270851177902	0.02137750888680636	0.02044090399031815	0.019827349441991923	0.020263076102170284	0.019454607960301202	0.01921633038036053	0.02214644927391351	0.02246404951172519	0.019585740154502256	0.02934394367643478	0.01959735518645459	0.020675040733845657	0.02037300693674683	0.02929400200936686	0.016822093409977132	0.017764139383975856	0.0184636530393842	0.02076953180599651	0.030235176726390384	0.021579200795078073	0.02142302406573826	0.019641434118516855	0.02176239710069633	0.021021158150519876	0.0284681317117165	0.031589589344365676	0.02707301716414294	0.005897724831163476	0.004363200666970547	0.02350602797098816	0.02451987884710332	0.025748911428399173	0.02121288204351117	0.02461097253427079	0.04338186117430484	0.04720732319150696	0.020663957911938077	0.020772166016231816	0.028853429890076877	0.035763188435774425	0.048147786764051716	0.024826580524644246	0.00792732228317158	0.024142237792930003	0.02351645984246134	0.04381165685504546	0.043944444348108354	0.0337104561119374	0.023742837306200807	0.03256318592527367	0.02935061960931903	0.0435878760395991	0.04270272069973381	0.029604113471664813	0.03016884831348029	0.03376697128075866	0.035006570732609134	0.02938104851673802	0.020221503104703317	0.026536997630578252	0.026104539395208567	0.029538993270535874	0.03044004316884613	0.026562446600783874	0.025588016240292825	0.023292701725442427	0.023165704488720202	0.02275848696762451	0.022864548856047537	0.031113205032870784	0.02471881475090139	0.02813701363250242	0.019803527147164768	0.02696297012724732	0.020407066118104934	0.02307820182502007	0.04410513319804188	0.04160666524826522	0.04346527135418996	0.04303666647122006	0.04428444020875383	0.023444957725985635	0.028030524854236225
SH0036	109300	0.0023234632789003945	0.0036840403629055177	0.0040136799098358395	0.0	0.01817934827502877	0.003119882555942228	0.007499679730312994	0.020131619667153322	0.0041915343150004305	0.010034308841950723	0.0025900300870222567	0.017416152349586756	0.019007805530047384	0.020039076300732848	0.019648166908831758	0.01896495232914592	0.02073048155976831	0.020909552953605845	0.020777587216072084	0.019423350900600007	0.01880960666674774	0.019125878770380675	0.018317338319124687	0.01807913304857093	0.020776240985117794	0.021228818810345926	0.018448542822712657	0.02901388056211089	0.018878162318610076	0.019540817524299512	0.019554846731812146	0.028271298492321364	0.016990754278924776	0.01790429770228323	0.017711554044432025	0.021262681667879087	0.029216253110982426	0.020310781443065036	0.020583474264185695	0.01835083174286017	0.02079402053999823	0.02044188365088598	0.027696008082274147	0.03049491766133053	0.026478881018098064	0.0042924773279372375	0.004081557622970044	0.02263476382194427	0.023656623719296565	0.02528008160570106	0.020197992634417745	0.02332684503194277	0.0425256381061148	0.04635442139587786	0.019938740611523318	0.020054568134296177	0.02845134348864632	0.035175239681719296	0.047415635850526744	0.024237707367182067	0.0067056545339406835	0.023542378843835945	0.022914933898611996	0.042972508877797924	0.043131700132382336	0.033360004026497865	0.022810724301146307	0.031973388944915866	0.028670263526337846	0.042827732473133734	0.0419067574726918	0.029321615444017648	0.02957896940927407	0.0333653932223689	0.03455675835349627	0.028975743963911796	0.01950386008869294	0.02581967282628602	0.025803921744926826	0.028859981025697333	0.029764415789419827	0.025968482041812065	0.025287601140230685	0.02298496992353653	0.022565788005922606	0.022157124718250744	0.022184569001907756	0.03037848040938113	0.024062984900151657	0.027728326451210362	0.019202164897790995	0.026660685783709597	0.019271649846914856	0.022060722627756456	0.04291851014992534	0.04045560715552023	0.04227883805699959	0.04185001888689479	0.04309804084613765	0.022288645359397518	0.027013631237945035
SH0038	109302	0.017818884718866043	0.01722778800150375	0.019260866506552458	0.01817934827502877	0.0	0.018431623087725967	0.014653685319238056	0.0032218215195850587	0.01756912527651246	0.014290211588749893	0.01776972639627361	0.00504747816565928	0.006466146145588315	0.006080799742473218	0.005354511120488897	0.005376443281939337	0.00882007734529074	0.0073818471501324555	0.006209744590481872	0.007652280362505884	0.007591221778280236	0.0058903802939908635	0.005209627605683236	0.005232625321164709	0.006492176813687437	0.008164884197610174	0.005323050585721433	0.014421421769403787	0.005372613085211126	0.0020466377772544882	0.0059059286435996245	0.014169828725084873	0.009285086502417793	0.008443809594206524	0.006391147673167364	0.011469730674572392	0.017837368624959802	0.007603915476529563	0.006412612366780067	0.005537257613813609	0.007042144583994766	0.0066012865090412645	0.013293434783004293	0.019327165164638373	0.011621847970453554	0.01954838706432947	0.017044516136158514	0.00934152058156272	0.009175335757689237	0.011214951111394698	0.005514855862524908	0.009639554060033266	0.028644538881924076	0.03244335906607625	0.002239181809130855	0.003402700129185805	0.013869915666150324	0.020317218693818015	0.033450280496050415	0.01026403396170606	0.015807503255145284	0.008928678839154214	0.009294354162967781	0.029057385142005163	0.029214907323675807	0.019056825768422953	0.009052945471510762	0.017118318140554332	0.01376069658614611	0.02886425532414335	0.027973814573743244	0.014740187621521654	0.0147241798597367	0.019524829912776064	0.01989760417336477	0.014395510503958342	0.003575876869791875	0.011079002967229698	0.011536908484919303	0.01395970315406044	0.014835131306272209	0.0111103070020012	0.011099028892218149	0.009006451033379225	0.008980137957783376	0.008327342288685594	0.008947323424245396	0.015573509683772763	0.009419152851183058	0.01314588630295734	0.0031810892994042416	0.012379254896874841	0.0021269871641738515	0.010479789747118273	0.029218782741259185	0.026719859229741613	0.028578917745814357	0.028150291478228624	0.02939808975197113	0.008633405914868922	0.012309981169824862
SH0041	109306	0.0028052990956714584	0.0053010752964888	0.00430734828779658	0.003119882555942228	0.018431623087725967	0.0	0.00792082219850229	0.020485394788802378	0.006180531970326138	0.010737879317157157	0.003913171374954037	0.017960228444953565	0.019551724044883763	0.020816055694692838	0.02019237737072697	0.019509028424512728	0.021155219666926926	0.021334388878690325	0.020977402931450072	0.01984815877938255	0.019234591160401222	0.019669954865747484	0.01886144363566275	0.01862320914393774	0.021553199703118725	0.02177137496041041	0.018992618918079466	0.02920065037168168	0.019196956854967955	0.019891789761477315	0.019862297887141857	0.02869406819151544	0.017246644989926056	0.01832874917952835	0.018043710103716516	0.02139775286446809	0.029638112885465053	0.02098600523878351	0.02090200899924268	0.018699625644051237	0.021136111016218206	0.02055877651906907	0.027893188718666036	0.030957630338364298	0.026668122910826746	0.0032621310916280577	0.004705734424759563	0.022753212103353352	0.02376812633873216	0.025381117568759694	0.020268721013233234	0.02366557945325347	0.04280018600622757	0.04657768818994735	0.020065744416214348	0.02018159202029555	0.028560129894486523	0.035361932908026035	0.04763854676576189	0.024427121046238783	0.007398968707936362	0.02373812366106353	0.023115181091606575	0.04319849314736109	0.04337653730908733	0.03338781731451451	0.023125065560030033	0.03216159194975915	0.02880884239719706	0.04303083612320546	0.042136064932543314	0.02942205587011376	0.029767225162274855	0.03346631563250775	0.03474396242269269	0.0291163563974074	0.019630929108767053	0.02613200079340049	0.02590499620011011	0.029003695508693812	0.029899776846709428	0.026157595756310464	0.025388626103344365	0.0230907317224382	0.02276458269476727	0.0223533882472438	0.022384551647526556	0.030568614951351353	0.024258845163973974	0.027833237572842843	0.01939842842678406	0.0267623720021912	0.01962363699345288	0.022480664205863927	0.043475594584329084	0.04097699464346483	0.04283572958888426	0.04240710332129853	0.043654901595041026	0.022710837681556607	0.027432749157423435
SH0053	109318	0.006581150840538573	0.006584591148982779	0.008096939156481667	0.007499679730312994	0.014653685319238056	0.00792082219850229	0.0	0.016712091207014786	0.006706961874243798	0.008188700345058218	0.006505053365287672	0.013971315074241833	0.015563386235472876	0.016968424908128527	0.016204306307834128	0.015519963327773115	0.017171907255394886	0.01734600625663523	0.01698410242583387	0.015860107972498733	0.015246465061399695	0.015682517551389476	0.014872987762065653	0.01463523673416125	0.01756781979547714	0.017986374826598803	0.015004291704630641	0.02509797448046184	0.01520090196940655	0.016096580344184264	0.015803686028122044	0.024908824691775196	0.014034551554683762	0.01542987233028024	0.0137329914678001	0.017743674292211235	0.025544856395442496	0.01678018661069341	0.0169087573266463	0.015162670927876997	0.017336689743891798	0.016750337902998805	0.023911272442712975	0.02705895637960419	0.022688045439532685	0.00865361431647597	0.00663031245743338	0.019212912982396784	0.02023767226050287	0.021447953844674093	0.016896006130685925	0.020139557716038165	0.03904997418119673	0.04283586145925462	0.01626270164544741	0.016378398970609696	0.02445739543845991	0.03138360354733523	0.04388827520123547	0.020443865129192287	0.0030455000980186414	0.019748543858368967	0.01897213763412972	0.03944822546557932	0.03962625402031048	0.029467160227705777	0.01944684422349144	0.028036597234309936	0.024966481387344315	0.03928055283442862	0.038385781643766465	0.02532651410203342	0.025789390090138274	0.02940571215884257	0.030641192217361696	0.025013489531291143	0.015827736059081193	0.022145984215753298	0.02155994885648833	0.02515597782218767	0.026058953223796404	0.022176834025330033	0.021184245148704737	0.01887914206892078	0.018768929167892877	0.01836557967138141	0.01857043268781924	0.026589068391562505	0.02027207842580509	0.02373279434899679	0.015409760101542646	0.022416784911137768	0.01582831233681862	0.018499438267796237	0.03973369845716831	0.037235131123470815	0.03909383346172349	0.038665207194137755	0.03991300546788026	0.01896533183706558	0.023453480932746074
SH0067	109332	0.019871515973753015	0.019371516067485564	0.02138857647970563	0.020131619667153322	0.0032218215195850587	0.020485394788802378	0.016712091207014786	0.0	0.019521396668637017	0.016242482980874447	0.01980398366460869	0.007164123681930756	0.008552623523903348	0.008132489840446401	0.007468941798914634	0.00729493567205784	0.010915440308544909	0.009148243122953814	0.008497087362704558	0.009768949443162365	0.009554289364691687	0.007700405256805156	0.007312996645502239	0.007274339487424498	0.008212942280092082	0.010269289905605147	0.00737226196791884	0.015041744406996833	0.007607734240629959	0.0018356489662823658	0.008197617073228785	0.015913637639365506	0.011459355217629589	0.01064344657600369	0.008683151017733447	0.013751063940758503	0.019871110974785236	0.009719898107791607	0.008661797192203412	0.007230219518171516	0.008657862509516645	0.008528157280540148	0.015116823813809655	0.021360896364077665	0.012242170608046598	0.021656505461264464	0.019138938269628897	0.011619706054784015	0.011310200273996627	0.0118352617026723	0.00844656887022488	0.011741513555226707	0.029144512244222494	0.032921044730637505	0.004433395549352285	0.0055415208733590226	0.014490238303743368	0.020937477988068724	0.03398315771783088	0.012542896806871751	0.017890537875900638	0.011204997425180756	0.011577433496850312	0.02954310409943009	0.02972114826115632	0.01967706344960003	0.01133286732270561	0.017738640778147376	0.014381019223739154	0.029375447075274456	0.028480623619514187	0.015360510259114698	0.015344502497329746	0.020145033571287815	0.020517775117808813	0.015015833141551386	0.004561633744710635	0.01169944892125744	0.012157231122512347	0.014580025791653486	0.015455453943865254	0.011730629639594245	0.011719351529811194	0.009906304233016422	0.01126917813737318	0.010597505774275526	0.011227997359990704	0.016144567448561492	0.01167690748736935	0.013766208940550386	0.005084228282575824	0.012999577534467885	0.0038716331077937646	0.012560075371444145	0.02959470917994162	0.027095785668424043	0.028954844184496793	0.028526217916911064	0.029774016190653566	0.010740324778256241	0.012763864995765513
SH0103	109367	0.004621550593630821	0.004229526558618987	0.005817637102725386	0.0041915343150004305	0.01756912527651246	0.006180531970326138	0.006706961874243798	0.019521396668637017	0.0	0.006748660089338049	0.0040680443776948535	0.01704035034651569	0.018631494705444264	0.01965629471968909	0.019271709928438865	0.018588834100861762	0.02024186860723816	0.020415636179467685	0.020286027158614182	0.018929663956879582	0.018316068549932014	0.018750088820648804	0.017941253302284542	0.01770313047452931	0.020394861626659953	0.020855259501675556	0.01807272049239423	0.028367034726700706	0.018502310099951663	0.019065616705321746	0.01897082532986931	0.027781987820418644	0.013924291867120752	0.015188936584741021	0.016627682110629732	0.019735133559361077	0.028521052539186548	0.01983481089287545	0.020210091338246673	0.017982252365688137	0.02029959750329122	0.01994645844339605	0.027099689480177214	0.029798633424800873	0.025989629224541785	0.0072549555598277315	0.004686049866555231	0.02227016751124343	0.023291320826774906	0.024503533821940864	0.019847861664735487	0.022961687226019163	0.042035846944622694	0.04586463023438574	0.01946287038843167	0.019578575222625363	0.027726498689849593	0.034685705655949535	0.04692584468903463	0.023746276853806488	0.006450847168803202	0.02305150590856631	0.022423151939849624	0.04248271771630581	0.04264190897089023	0.03259670055771091	0.022506517359505204	0.03148327971400539	0.02818947670091114	0.04233794131164163	0.041416966311199684	0.02852297783435466	0.02908872072002938	0.0325666507392428	0.03390991825636242	0.028176180452337826	0.019027912311096865	0.02544851616553785	0.025004536334410153	0.028379194200270623	0.02928416566242373	0.02547908025147643	0.02448822372415315	0.022187517161100345	0.02207455087008796	0.02166860917508029	0.02169375625239213	0.029889010080272435	0.023574158213959882	0.0269301947351019	0.018713649354620547	0.02586159019271229	0.01879650796964668	0.021572767573206482	0.042414323601649595	0.039965849651821025	0.04177467037019903	0.041345712410514546	0.04259387315933708	0.02179885965487369	0.02652522723806449
SH0104	109368	0.009538931547941169	0.009869863467880734	0.009752619498222224	0.010034308841950723	0.014290211588749893	0.010737879317157157	0.008188700345058218	0.016242482980874447	0.006748660089338049	0.0	0.009759996515528266	0.01362714145841535	0.015212534652050929	0.016474623306099712	0.015861459611273446	0.01517064816015858	0.016834142017097098	0.017001980597906242	0.016878617484229908	0.015509888764587754	0.01489624585348872	0.015340851420471566	0.014530251018317564	0.014293044492976362	0.01704448936897688	0.01764874460811812	0.014662005360479584	0.024939139085395395	0.015092890033551144	0.01576160726857783	0.015513748942116826	0.024377892458957804	0.008384915988073696	0.010258405995134591	0.013097045537652029	0.015114738398681715	0.02513830637578074	0.016284710972646846	0.016802419249913814	0.014813573857134135	0.016729983914940218	0.016376844855045047	0.023800917544470255	0.026486950077691123	0.02258860158771991	0.012533158270137823	0.008359188018610957	0.01911084627990991	0.020138628722381514	0.021246092709680416	0.0167969318013013	0.01980633681034449	0.03871609986246381	0.04249234556752679	0.016159660543855866	0.016275418615430682	0.02429861454209217	0.031284768931709714	0.04355440088250255	0.02034278150158263	0.009300902871650914	0.019648808955793236	0.019012121124931405	0.039114351146846416	0.03929236629862841	0.029100972672352357	0.019344921306916917	0.028083161295921515	0.024866247952814235	0.03894667284858838	0.038051749863274045	0.025091358321008825	0.025688604978551133	0.02906049431951956	0.030482044938728733	0.02485462549928929	0.015724755703902183	0.022046355462089925	0.021498830042552555	0.025055965452173718	0.025960118608170886	0.022078028854635202	0.02098251083924119	0.018679069667361832	0.018662840864705404	0.018263941062158725	0.01846495091692809	0.026488483671531535	0.020171039587377378	0.023454137692282283	0.015306779746363635	0.022355628102137412	0.015492636142662084	0.018164589585563627	0.03916578315860336	0.03666737328666537	0.03852598929738223	0.0380972918955728	0.03934519208652028	0.01862928445629021	0.023118361112653318
SH0140	109404	0.0026754971208263123	0.0024302508103148214	0.004849962832612985	0.0025900300870222567	0.01776972639627361	0.003913171374954037	0.006505053365287672	0.01980398366460869	0.0040680443776948535	0.009759996515528266	0.0	0.017216407468120018	0.018807142543586872	0.019825508994548054	0.019447173428749416	0.01876465316326781	0.020412764268912535	0.02059169240804902	0.020279322421062822	0.01910588219913049	0.01849229090406508	0.01892538769936885	0.018117148842003314	0.017879074685589975	0.020551968612170138	0.021029433107325433	0.018248695162506094	0.028382841803775625	0.018497192209342556	0.01919127522215039	0.018908460815283905	0.027952228217787107	0.01654615832552206	0.017674552309830144	0.017088093778049363	0.02079309331645237	0.02871046090708671	0.019985629179860322	0.020201558593563224	0.018085276599457745	0.02057722216430238	0.020044565600483368	0.027102469692972003	0.029988893037552276	0.02598112690902288	0.005175697607502828	0.004141828729167955	0.02209699660485487	0.02311823541816216	0.024512462274801	0.01962798652757285	0.022969392843577272	0.04206835650681819	0.04585635522759822	0.01940733355471874	0.019522516133866186	0.027779280135134456	0.03467762134693539	0.046917569682247105	0.023740020755761034	0.006762521466229892	0.023044723596274446	0.022416196597708736	0.04247444270951828	0.042644622942982796	0.03278908070148101	0.022336814515913326	0.03147441415465822	0.028147082670237657	0.04232966630485409	0.04140869130441216	0.028649552090505785	0.02907967697744264	0.03272772127424059	0.0339257272204585	0.02821000989180344	0.018971853222337687	0.025439781409863166	0.025130566116561764	0.02833680016959714	0.029242552882083273	0.02547101178163397	0.02461427745030746	0.022314011374699235	0.022068047231052424	0.021657775126080938	0.021592435092071847	0.02987992265450152	0.023564091954263976	0.027056794424469614	0.018702815305621193	0.025987540540222558	0.018922163619051923	0.021743555162847938	0.04269856753216461	0.0402003876365997	0.04205891430071405	0.04162989546651785	0.0428781170898521	0.021877550576767966	0.026696233303987765
SH0010	109274	0.017080977343013386	0.016754421767748426	0.018553349681376362	0.017416152349586756	0.00504747816565928	0.017960228444953565	0.013971315074241833	0.007164123681930756	0.01704035034651569	0.01362714145841535	0.017216407468120018	0.0	0.004146957531739522	0.005778446084094949	0.004514008315940846	0.0038224208507066774	0.007340050950006648	0.006212614824789698	0.005815319041676948	0.006171434355757157	0.006374431418931808	0.0024108685766997453	0.0014854888943442008	0.0012437651057130336	0.006380741349944213	0.006469198805088557	0.001564349998754044	0.014375162620653316	0.002359365027183938	0.0060537266325207785	0.004819994222399374	0.014590058643228763	0.007945462663289053	0.0072329728197611815	0.004979849805734583	0.009482758449546127	0.01617903733461208	0.0057224085575550265	0.00564541213316754	0.0037460180184030103	0.0071791852515259765	0.006546199760180556	0.01382510035877693	0.01770881316417076	0.011574145178793155	0.018729751590347427	0.01624946716257082	0.008097138175058355	0.00912463943676205	0.011166522420024617	0.006062562430800536	0.008792525440332113	0.02896917678108433	0.032745462905671215	0.005979322845319581	0.005274541827524055	0.013823270648297177	0.020270965770451118	0.03380741812881639	0.009331354476834874	0.014878094489935299	0.008634306988014212	0.007989753908931363	0.029367453916331623	0.029545431850780852	0.019008524382004666	0.00818768402058388	0.01706950522735116	0.013852458243739575	0.029199729422266105	0.028304700758682445	0.014693505106288529	0.014675366946533527	0.01947563232292925	0.019849563218991655	0.014347756747860523	0.0051575710221295566	0.010754145540676071	0.01148813996203277	0.01404217574309906	0.014946315446912288	0.011063533301784044	0.011050427839129595	0.00896167264113234	0.007630572150569084	0.007250149647348751	0.007448399482274523	0.015476444346490634	0.009156859289697459	0.013099775549402061	0.0044129674253075915	0.012330408054653567	0.0061958474680616285	0.009318769063145698	0.029418944410913105	0.02692067516874569	0.02877929117946254	0.028350434578381052	0.029598493968600596	0.007605201136657693	0.012089727214304291
SH0015	109279	0.018672505916032138	0.018345760574675858	0.020144600299385737	0.019007805530047384	0.006466146145588315	0.019551724044883763	0.015563386235472876	0.008552623523903348	0.018631494705444264	0.015212534652050929	0.018807142543586872	0.004146957531739522	0.0	0.007329386696286048	0.006244231067828861	0.004826098232759525	0.008500493966090018	0.007062896751663021	0.00768793036704871	0.004360401876722592	0.004252271793505685	0.004943016577031082	0.004274523882107062	0.0040144149257724205	0.007932150360318782	0.008340115181433898	0.004414865043050133	0.01624528965910673	0.0047583193051011965	0.00744222647449337	0.0066904768858482575	0.016027019747877555	0.009525869080517333	0.008917837252482266	0.006669930147931195	0.01135036296311295	0.017766042249862626	0.006902348335255271	0.007203128777862851	0.005353197365684056	0.008872356279694429	0.008415982224579876	0.015262101732938509	0.019295549792188737	0.013443821397505523	0.020321400678282645	0.017841416552333223	0.009966495530693713	0.01099547351895287	0.013035667002818024	0.00788295796178129	0.01066328004588172	0.030662010359585472	0.03443837368847274	0.007366544175718702	0.00712214443674318	0.01569354010889306	0.02214140059786096	0.03550024687465196	0.01120064024368583	0.016470129679998145	0.010504445025162077	0.009857480867383528	0.031060349657736703	0.031238262124176068	0.020878932807797537	0.01005835355876178	0.01893869195078246	0.015721362860371683	0.03089262438295433	0.029997569080584124	0.016563769047460587	0.01654421416156529	0.021346112712381893	0.021720018762822563	0.016217989111882783	0.006799903490884857	0.01248192298490934	0.013357467951891086	0.015911486629406262	0.016816534706104096	0.012933955844532552	0.012919728193652315	0.010832738580874263	0.009499962219237624	0.008232665834706915	0.009316621433360152	0.017345775745125684	0.011026299553701628	0.013641047301596865	0.006149924341782535	0.014200346787894468	0.007584308883088305	0.010479237150231822	0.03111176818464495	0.028613734819830552	0.030472184158023753	0.030043173054592934	0.03129128666276898	0.009475547156040633	0.01114943404137241
SH0021	109285	0.019936779023671518	0.01946210593495873	0.021446607581667783	0.020039076300732848	0.006080799742473218	0.020816055694692838	0.016968424908128527	0.008132489840446401	0.01965629471968909	0.016474623306099712	0.019825508994548054	0.005778446084094949	0.007329386696286048	0.0	0.004024319653395262	0.005280743019940926	0.010376224228565045	0.007550524443397665	0.005529748642190227	0.00936918269661128	0.009391659447173465	0.005886110101669555	0.005338092650567332	0.005697178673624818	0.0014908794238714836	0.00800762883359513	0.005481779310587355	0.013838405385828262	0.005212666546188332	0.007066451848326096	0.004921667949813649	0.012914540880034193	0.009815504154671207	0.008716554656313718	0.005864302489441718	0.012393883395138932	0.018700482415384863	0.007918759844389996	0.0046953045388254365	0.006339180454523422	0.006260648322718243	0.005994170736727202	0.011700216462718821	0.020322967110959864	0.011035149096892329	0.02158651581173072	0.01910634832237358	0.009410045433273858	0.008447996954993646	0.010484080371978292	0.008265227894721026	0.008970235260476585	0.02793974753087779	0.03171603365546467	0.006962739041606259	0.00650684560593354	0.013286513413472124	0.019734208535626064	0.032777988878609846	0.010167729005701407	0.017875144488869732	0.008194773137582151	0.009549490381273715	0.02833802466612509	0.028516002600574308	0.018470968968440877	0.008335510423296534	0.016514655384334186	0.013312987505833151	0.028170300172059567	0.027275271508475904	0.014156747871463477	0.014121472404548639	0.01893803438970474	0.019312253469869246	0.013653174401844279	0.006343150124148569	0.009294327574668467	0.010947476250512947	0.01350327403279472	0.014409558212087233	0.010526960426530367	0.010509327451821406	0.008423670138736836	0.009285512278081658	0.008377596925009213	0.009046392530602555	0.014925720268603851	0.008638309880674558	0.01256301831457701	0.005699991442941041	0.011789642334005413	0.007166545960964509	0.012366458571088396	0.02838951516070657	0.02589124591853915	0.027749861929256006	0.027320843095059808	0.028569064718394058	0.008143960112747936	0.011551935403876376
SH0023	109287	0.019313145595661795	0.018985617636618893	0.020785572927021535	0.019648166908831758	0.005354511120488897	0.02019237737072697	0.016204306307834128	0.007468941798914634	0.019271709928438865	0.015861459611273446	0.019447173428749416	0.004514008315940846	0.006244231067828861	0.004024319653395262	0.0	0.003262154824390456	0.009151102709654016	0.006220101007474141	0.005017909221112929	0.008411955023425968	0.008614952086600621	0.004517511747993596	0.004274616889532673	0.0046898073811042305	0.004452260488671237	0.006829000439227436	0.004432082878424938	0.013578206534477184	0.004113593519422866	0.006358968819953968	0.004421444947097247	0.013096228953021462	0.0101795039951094	0.008113150493886938	0.006285971155912911	0.011072489689823505	0.017643476906920374	0.006451572020066477	0.0036548432775490008	0.00534723142924047	0.006446500436911943	0.005812323635732971	0.012330611662041989	0.01917264051930278	0.010774741703327203	0.020962509942914757	0.018482243995055377	0.008228302884779562	0.00832768335058592	0.01036435448702291	0.007117955784642545	0.008133895946301893	0.02824057224616231	0.0320168583707492	0.006282689928541232	0.005403521169018313	0.013026314562121047	0.019474009684274988	0.03307881359389437	0.008935043126498548	0.01711115510010775	0.00783502516375231	0.008229564732923236	0.028638849381409613	0.02881682731585884	0.018210770117089797	0.00744609193375739	0.016262326663300707	0.013053236851509937	0.028471124887344094	0.027576043958662314	0.0138965490201124	0.013868107373578607	0.018677748410698674	0.019052010724166873	0.013550800661684393	0.00565523965395898	0.009007235007626012	0.010687526845368568	0.013243410085717302	0.014149359360736156	0.010266553032965238	0.010249581436655658	0.008164940995635653	0.007964114047263778	0.007059803202796984	0.00807645614524976	0.014671986541457377	0.008352711650859816	0.012302819463225933	0.004878266277889789	0.011530272785496162	0.006502136064766252	0.011552268652901446	0.028690339875991094	0.026192070633823672	0.028050686644540527	0.027621667810344336	0.028869889433678585	0.007129024316307052	0.01129290683451942
SH0032	109296	0.018629777322572552	0.01830283869935715	0.020102149660935525	0.01896495232914592	0.005376443281939337	0.019509028424512728	0.015519963327773115	0.00729493567205784	0.018588834100861762	0.01517064816015858	0.01876465316326781	0.0038224208507066774	0.004826098232759525	0.005280743019940926	0.003262154824390456	0.0	0.00846713537429061	0.0038446687099888592	0.004667599923019207	0.007705899466161679	0.00790889652933633	0.0024371239337829366	0.0026159673582513794	0.003085977789998534	0.0058830196546221375	0.005497991890346091	0.0025617609861787755	0.013228141829848038	0.0026234205432212375	0.006184497590659582	0.004244368445324325	0.013840731114287245	0.009489202474643342	0.007430011260430482	0.005598459808577397	0.010130521395785984	0.017726809293275043	0.006153940191481322	0.004917158464742036	0.004145682347270416	0.006753897789370236	0.006119648643561671	0.013051723411466255	0.019256585122833726	0.01023685415536307	0.020278556287416337	0.01779826690207686	0.006948620768129686	0.007977737521827127	0.009810924056147686	0.0065781609439094614	0.007645405283317691	0.02854439168294818	0.032320677807535066	0.006181279429626732	0.0056311296749212356	0.012676249857491903	0.019123724939583447	0.03338263303068024	0.008183649071804282	0.016426904428322717	0.007487232695665098	0.007239442829757805	0.028942668818195478	0.029120646752644704	0.017861254391394066	0.007040478796197753	0.015921900410299422	0.01270473455081749	0.028774944324129956	0.0278799156605463	0.013546484315483257	0.013527662685244097	0.01832884004947904	0.018702478864986914	0.013200735957055247	0.005711181580420778	0.00953489384517807	0.010340633638871975	0.012894452050176974	0.013799294656107016	0.009916453187300592	0.009903208547805015	0.007815301250900037	0.006627527612251617	0.005949186852523091	0.0068939251074709666	0.014437373111411201	0.008009598850048505	0.011706620143470738	0.00493463938417899	0.01118310937483352	0.006460874128103112	0.010867464940767475	0.028994159312776956	0.026495890070609547	0.0283545060813264	0.027925487247130204	0.029173708870464454	0.006457675308485558	0.01069690471666548
SH0033	109297	0.02027616278308468	0.01995160169128528	0.021749484859857227	0.02073048155976831	0.00882007734529074	0.021155219666926926	0.017171907255394886	0.010915440308544909	0.02024186860723816	0.016834142017097098	0.020412764268912535	0.007340050950006648	0.008500493966090018	0.010376224228565045	0.009151102709654016	0.00846713537429061	0.0	0.010813413133716204	0.01058459080471392	0.009227291328667692	0.009291795462452651	0.009050049098370368	0.008241399885461333	0.008003188250791247	0.010978054913721624	0.011378791076066066	0.008372515233039406	0.019117858854444444	0.008838648031202146	0.009807508703127365	0.009578898874478868	0.0188889663377106	0.011154561861813232	0.011544629331245459	0.009328499800196753	0.014236849192464714	0.01974533006690253	0.010365337205264669	0.010035323359912113	0.008209854073236506	0.011557438971226398	0.01129109811860861	0.018124327840115854	0.02119469741830754	0.016317055083916107	0.021925104667135605	0.019446609762288965	0.012844902747017018	0.013870443665202849	0.01590840446901115	0.01052486569027027	0.013540246411431114	0.03326742786779279	0.03704371399237968	0.009900189817627436	0.00999322771335877	0.01856596688208831	0.025014032237385832	0.03810566921552485	0.01407703453588521	0.018078863775549504	0.013380130985667454	0.012737363557534624	0.033665705003040086	0.033843682937489315	0.023750924364364365	0.013073152508998997	0.021592840691285302	0.01831398500652546	0.03349798050897457	0.03260295184539091	0.019436213505153243	0.01941743609454362	0.02421812687829529	0.024592183629779777	0.01909045298165165	0.009445474229457948	0.015773333602160246	0.016230517645035036	0.018503798583865413	0.019689011680703417	0.015806455165343992	0.015792759723332054	0.013703508898960421	0.012379900991552117	0.011990970529479523	0.012195936444644423	0.02021797455215215	0.013898774356506506	0.0178427977719019	0.00902094373611631	0.01707212141582335	0.009749965986162743	0.0026926079741867387	0.03371719549762157	0.031218926255454152	0.033077542266171	0.03264867942239963	0.03389674505530906	0.012352696340935002	0.01683148326411582
SH0050	109315	0.020455185962606714	0.02012964392132858	0.0219270851177902	0.020909552953605845	0.0073818471501324555	0.021334388878690325	0.01734600625663523	0.009148243122953814	0.020415636179467685	0.017001980597906242	0.02059169240804902	0.006212614824789698	0.007062896751663021	0.007550524443397665	0.006220101007474141	0.0038446687099888592	0.010813413133716204	0.0	0.0034718164224202858	0.009827047464325816	0.010030565134156113	0.004853566288128805	0.005056365115231606	0.005491859842564009	0.008153504691469516	0.007902411393240497	0.004935896591403326	0.015287685160929194	0.005076465569124014	0.00799175029283136	0.006164805128233893	0.015062889802571618	0.011319946507628667	0.009261461095686156	0.00742828312475835	0.011684719459104351	0.019828722471539117	0.008470535856067187	0.007259418694632783	0.006042785594742991	0.008398789181525219	0.007764029712772266	0.014970544647872758	0.021358498301097796	0.011726678837229783	0.02210298040250448	0.019623078438953404	0.009135241505961579	0.010037928492416626	0.01187287412158727	0.008586036174873994	0.009705821743044435	0.030460920463378813	0.03423754394498537	0.008188683209749357	0.007639152925356306	0.01473596217599753	0.021183692883476782	0.0352994315986167	0.01024564355270044	0.01825173448508558	0.009549419180447286	0.009342055319089368	0.030859570515817773	0.031037530891343743	0.01974853815059337	0.009240396049446379	0.017983435294905654	0.014766752704363492	0.030691809492506647	0.029797056195353215	0.015606187456539588	0.015589239656608004	0.020145753889584284	0.02076347681868506	0.015261209927936201	0.007719373860833616	0.011946728609372022	0.012402485867447955	0.014956663640352282	0.015858956773208567	0.011976514205661731	0.011964939549829629	0.009875521703621283	0.008871130061509058	0.008166121183656927	0.008996465118414385	0.016391820528844553	0.01007119425979465	0.014012693146050408	0.006942720714057006	0.013244993685684447	0.008468084931424627	0.012789466713911624	0.030911623852196344	0.028412741168862714	0.030271789591947602	0.02984316056760307	0.031090930862908296	0.008519616806727106	0.0130034789331923
SH0065	109330	0.020102153559402283	0.019712568152224073	0.02137750888680636	0.020777587216072084	0.006209744590481872	0.020977402931450072	0.01698410242583387	0.008497087362704558	0.020286027158614182	0.016878617484229908	0.020279322421062822	0.005815319041676948	0.00768793036704871	0.005529748642190227	0.005017909221112929	0.004667599923019207	0.01058459080471392	0.0034718164224202858	0.0	0.009432730861990011	0.009635906427358069	0.0059154674440822265	0.005599108183782092	0.006010504068327273	0.006125193999398968	0.0072431898490907835	0.005635113683766478	0.012091732012416319	0.005097973926251381	0.007387479262173833	0.00529442196344638	0.0133581145138917	0.010897756379477262	0.0088151283523645	0.006906962988719945	0.011378702250643842	0.01942579571509377	0.00858401435800616	0.005560815313109771	0.006289880522759558	0.006642077921323137	0.005619085057115458	0.013043543318437201	0.020955571544652454	0.008780698239098534	0.02161756068827822	0.019182486422400433	0.00777551339876514	0.006844421227979726	0.008886009588783439	0.00773573650927273	0.0075830015609359425	0.028157826876394048	0.03198347369763935	0.006887737024327909	0.0059579621777712585	0.011540037763536251	0.01798769218541959	0.032923963686664115	0.008186734958212153	0.01783258436052526	0.006626913637277813	0.008484071549326667	0.028587830482694962	0.02872065133729828	0.016726787177464342	0.006770276608124187	0.014787242259208987	0.01157141032421941	0.028364040279872688	0.027478927047652913	0.012410234308026714	0.012393912220348137	0.017194357666791844	0.01756752528204257	0.012065256779423324	0.00603840265949691	0.008751744802130852	0.009207526055394013	0.01176097071215898	0.01266300362469569	0.00878048802498279	0.008769879471329237	0.0066803315748280604	0.007593046037466087	0.007058052102044405	0.008138219828483003	0.01404782625685932	0.007311708910864044	0.010827745489741782	0.005261685038475936	0.010050059439020308	0.007532686341096049	0.012560307943693734	0.028881380092021073	0.0263824565805035	0.02824151509657625	0.027812888828990516	0.029060687102733025	0.006757638454793893	0.010264323766317677
