SH0001	109265	0	0.8425052789973689	0.6447837729157734	0.8331189366089853	0.8647652487582326	0.8436369640420659	0.896648147028393	0.7127028254568593	0.8403735831921689	0.9262774726057269	0.9221156374055528	0.872110718930379	0.7124807822614623	0.7905900565880277	0.7004418533890058	0.5955526662495977	0.5115868724073974	0.7247283079507528	0.7248766870056585	0.7895684491707039	0.7781037587824088	0.7770326252173055	0.8511600189110173	0.9243442693692439	0.7356882190858887	0.663709394644306	0.7129583701973461	0.5741050067744424	0.8543000851323642	0.9495060978203601	0.6204583972038195	0.686448353008164	0.25157502826289985	0.8656500697071395	0.7688413480559879	0.8364126482637568	0.816382272097977	0.712560557607046	0.776969361201373	0.774992935649179	0.7931124191113721	0.7196849779030594	0.7914825188739204	0.6311238097400506	0.7809477910492242	0.826220976119693	0.7179242514488429	0.8114984563117201	0.7261645093450666	0.6109655879432553	0.7945584058799414	0.6930274251262645	0.8352479124556472	0.7603757872421173	0.7243878086311333	0.8369314818183906	0.9223226546107224	0.7017704873361525	0.6447499494572978	0.869107248534158	0.8126627404475805	0.6532342681271551	0.9200517912234942	0.9349005545697618	0.9339690912225804	0.9523388599387114	0.9299221800074727	0.8544115993685513	0.652952516964805	0.4834889317390269	0.7925719759262362	0.6685770188111808	0.624996990095532	0.832780456927753	0.6593023789723254	0.6097476626744001	0.7409625562986668	0.8095424874638146	0.7350254851300975	0.6943750336233832	0.7744914139053414	0.8619158763907603	0.7913143134445977	0.8505540301824347	0.8852199750626438	0.9148874364602856	0.9204234505161337	0.7905591309544344	0.6760485459152348	0.8495770037265593	0.8971088147896211	0.8284308072311208	0.8054428933409284	0.790645211424147	0.5953703915093543	0.8715381824503049	0.7573999971796037	0.7190501423572403	0.6097476626744001	0.7761700496369931	0.7935659085394053
SH0002	109266	0.8425052789973689	0	0.8788506801746342	0.299166492225748	0.2513907487640206	0.25927119370711416	0.2985659754506304	0.8818405376438404	0.9368906083428498	0.9299997220719611	0.9222364587035307	0.986696659858384	0.8788506801746342	0.8644886470942316	0.8558086191389848	0.8788506801746343	0.8411967803467197	0.8721018167498067	0.8818405376438404	0.8634670396769079	0.8901869598228659	0.8891158262577624	0.9136499195766943	0.9334043642632678	0.8818405376438401	0.8818405376438404	0.8951438777854565	0.626908670973944	0.21544376252842393	0.9495060978203601	0.8587984766081912	0.6840651395977986	0.7434406712241914	0.24236739156668585	0.7091721253411765	0.9205957557319003	0.909998542091793	0.8655473400330184	0.8655473400330184	0.8788506801746345	0.8670110096175758	0.8818405376438404	0.9175052829693061	0.8655473400330184	0.42041163921476254	0.39600954473709077	0.8585294924430676	0.946786639433536	0.8788506801746345	0.8788506801746342	0.8551536562445291	0.8894757977902809	0.9498338533836524	0.8587984766081911	0.8655473400330184	0.9515174227463958	0.9264533371083031	0.8818405376438402	0.8587984766081909	0.28061494183268876	0.4038709577934438	0.8818405376438404	0.9215248622296732	0.9349005545697618	0.9339690912225804	0.9523388599387114	0.9346918138848629	0.8767839718006973	0.8788506801746343	0.8818405376438403	0.8818405376438403	0.8818405376438406	0.8655473400330184	0.9189627247108927	0.8951438777854565	0.8788506801746342	0.856516301687175	0.9037622657015849	0.8788506801746342	0.8788506801746342	0.8865746149457981	0.8788506801746344	0.8788506801746343	0.2438940828673887	0.9617738742116587	0.9203955318142547	0.9252355361086618	0.864457721460638	0.8818405376438402	0.9437967819643298	0.908809097824093	0.898999955382087	0.8720897764338189	0.86832466748197	0.8425052789973689	0.9201724494146134	0.8655473400330184	0.8818405376438407	0.8788506801746342	0.8585294924430676	0.8674644990456092
SH0004	109268	0.6447837729157734	0.8788506801746342	0	0.8053474473656658	0.8428352721331829	0.8711789625549745	0.9096328128458597	0.8405921065264802	0.9501939484844659	0.9262774726057269	0.9221156374055525	1.0	0.6736827112872846	0.75179198561385	0.47706777354909163	0.2611941433687298	0.7753751788180562	0.5099308229326569	0.825880578680492	0.7507703781965259	0.7359364571418023	0.7306899138520595	0.8397308892342469	0.9243442693692439	0.8635775001555096	0.7915986757139268	0.7170895400623648	0.7834953850970642	0.8759827736176569	0.9495060978203601	0.3797711868743545	0.8614980526424914	0.6813914234100569	0.8615756801698795	0.7603450729347306	0.9316514812855937	0.78901333080057	0.6932957212972064	0.7399840615240387	0.7361948646750015	0.7543143481371943	0.8779370503119724	0.9193717999435413	0.7826441779598258	0.8004722275610464	0.8262209761196927	0.6791261804746651	0.9393877373813411	0.6987955680476593	0.6344501840600583	0.7557603349057636	0.8209167061958854	0.9631371935252684	0.5532113613667441	0.49841033578034794	0.9648207628880118	0.9223226546107224	0.856103779419301	0.8411622700629395	0.8877456706570952	0.8711699796033877	0.8400264792168891	0.9200517912234941	0.9349005545697617	0.9339690912225803	0.9523388599387114	0.9299221800074727	0.8429824696917806	0.6335279234664875	0.7657045739543717	0.765203034628829	0.7413078294399162	0.7056307632862904	0.9303882070710341	0.675222082118679	0.630481543805916	0.734270767074484	0.7707444164896368	0.7058789123420994	0.6782470612483389	0.7307874238520493	0.8619158763907604	0.7913143134445976	0.868306636407774	0.9750772143532748	0.9148874364602856	0.9040753684434211	0.7530564492223174	0.8401071899142943	0.8107789327523819	0.8856796851128506	0.8010618659337139	0.7780739520435215	0.7689313461432047	0.7893496808436851	0.8601090527735349	0.7569058047014341	0.41415020675752373	0.1974996741143976	0.7373719786628152	0.7667387785148345
SH0006	109270	0.8331189366089853	0.299166492225748	0.8053474473656658	0	0.26715071668239865	0.38250083669207546	0.38532735778204774	0.8593307404629382	0.9501939484844657	0.9262774726057269	0.9221156374055525	1.0	0.8331189366089854	0.8398675028797806	0.8053474473656657	0.8053474473656658	0.8557942626234268	0.8280227733801071	0.8619294341646839	0.8388458954624568	0.8697367792354241	0.8686656456703209	0.8931997389892531	0.9270222358596484	0.8635775001555094	0.8557942626234268	0.8557942626234267	0.6058712180314912	0.33935210784799896	0.9495060978203601	0.828022773380107	0.699405427581203	0.7340543288358081	0.29489994578446665	0.7170844972187957	0.9316514812855937	0.8895483615043517	0.8146046104467721	0.8322246326894891	0.8487625332995081	0.8423898654031248	0.8788250215619301	0.9193717999435415	0.8339820677621894	0.39073589688330834	0.43754112565103376	0.808626785250409	0.9460219273913301	0.8331189366089852	0.8331189366089855	0.825321526009481	0.8823289573444556	0.9631371935252686	0.8282300334936761	0.7951945138807854	0.9648207628880118	0.9223226546107222	0.8603001206597491	0.8599145005623224	0.3697736348513972	0.42522200503346114	0.8579400845952134	0.9200517912234942	0.9349005545697615	0.9339690912225804	0.9523388599387111	0.9299221800074727	0.8766549789448226	0.8331189366089855	0.8557942626234266	0.837279936461214	0.8557942626234267	0.8331189366089854	0.9303882070710342	0.8557942626234268	0.8331189366089851	0.8557942626234268	0.8833120851141432	0.8331189366089852	0.8331189366089852	0.8661244343583567	0.8619158763907603	0.8331189366089855	0.3573859980531838	0.9750772143532748	0.9148874364602855	0.9204234505161337	0.8398365772461873	0.8578026604076342	0.9233466013768888	0.8978583728080317	0.884931903198265	0.8474686322193679	0.8570068634091349	0.8331189366089854	0.8997222688271722	0.8582143077295304	0.8280227733801072	0.8331189366089854	0.8254474959287458	0.8428433548311581
SH0007	109271	0.8647652487582326	0.2513907487640206	0.8428352721331829	0.26715071668239865	0	0.34297933169310096	0.3497479338364247	0.8907131470292934	0.9501939484844659	0.9262774726057269	0.9221156374055528	1.0	0.8647652487582324	0.8469226958136118	0.8428352721331829	0.8428352721331829	0.8731114507678219	0.8687831704042436	0.8922329947257793	0.8459855387453358	0.8710795308235761	0.8700083972584727	0.8945424905774049	0.9243442693692437	0.8912919178795193	0.8907131470292933	0.8907131470292932	0.6772628060005064	0.23309544721966277	0.9495060978203599	0.8687831704042437	0.7288536427105929	0.7657006409850554	0.2361012839506926	0.7148822019577148	0.9316514812855936	0.8908911130925031	0.8647652487582327	0.8647652487582326	0.8647652487582327	0.8494450583369558	0.8907131470292932	0.9213558947718712	0.8689009521680559	0.41701123497013526	0.4326432618965107	0.8459855387453356	0.9506372512361009	0.8647652487582324	0.8647652487582326	0.8508910451055255	0.8836717089326074	0.9631371935252684	0.8687831704042437	0.845355152192246	0.9648207628880118	0.9223226546107224	0.8907131470292932	0.8907131470292934	0.3245916550213085	0.47959020176694267	0.8907131470292932	0.9200517912234943	0.9349005545697617	0.9339690912225804	0.9523388599387111	0.9299221800074727	0.8633570633333427	0.8647652487582327	0.8907131470292933	0.8907131470292932	0.8907131470292934	0.8647652487582327	0.9303882070710342	0.8907131470292932	0.8647652487582324	0.8710983796378562	0.8846548367022955	0.8647652487582326	0.8647652487582326	0.8674671859465086	0.8724460754269001	0.8647652487582326	0.30004740680708103	0.9750772143532748	0.9148874364602856	0.920423450516134	0.8468917701800185	0.8907131470292934	0.9246893529650404	0.8945858005514128	0.8907131470292934	0.854523825153199	0.8640620563429662	0.8647652487582326	0.9010650204153237	0.8647652487582326	0.8687831704042436	0.8647652487582326	0.8459855387453358	0.8498985477649894
SH0008	109272	0.8436369640420659	0.25927119370711416	0.8711789625549745	0.38250083669207546	0.34297933169310096	0	0.363430507210262	0.8805365673430513	0.9324336303358665	0.9304076082098667	0.9226443448414364	0.9822396818514008	0.882411574018734	0.8736583924758222	0.8389320592631461	0.859946351091215	0.8595222755149825	0.8660499821998219	0.8805365673430515	0.8726367850584986	0.8915939588717945	0.8905228253066915	0.9150569186256234	0.9338122504011735	0.8805365673430512	0.8805365673430515	0.8982968854916505	0.666530738662835	0.24099935953133508	0.9495060978203599	0.8379684535404227	0.7082723606971084	0.7445723562688887	0.37119297027841863	0.7282345099516488	0.9171378906359403	0.911405541140722	0.8675522257652736	0.8675522257652736	0.8824115740187343	0.8761807549991665	0.8805365673430513	0.9140474178733462	0.864651255870135	0.4353820363851898	0.4252306806734652	0.8698531326198292	0.9433287743375762	0.8824115740187343	0.8824115740187343	0.8627673935142754	0.8864258188322268	0.9453768753766694	0.8492010650041826	0.8563196143015139	0.9470604447394125	0.9274524500193265	0.8805365673430512	0.8595222755149824	0.263621222028292	0.4139017849527908	0.8805365673430513	0.921932748367579	0.9349005545697617	0.9339690912225802	0.9523388599387111	0.9350997000227682	0.8942414276471573	0.882411574018734	0.8805365673430513	0.8834375372381897	0.8805365673430513	0.8646512558701351	0.9149136328418151	0.8982968854916505	0.8824115740187343	0.8805365673430513	0.9051692647505141	0.882411574018734	0.882411574018734	0.8879816139947274	0.8824115740187343	0.882411574018734	0.20012564697893542	0.9573168962046759	0.9208034179521605	0.9256434222465674	0.8736274668422291	0.8805365673430512	0.9452037810132591	0.9102160968730223	0.8999990682931104	0.8812595218154097	0.8737135473119415	0.8436369640420662	0.9215794484635426	0.864651255870135	0.8693039558792917	0.8824115740187339	0.869853132619829	0.8766342444272
SH0009	109273	0.896648147028393	0.2985659754506304	0.9096328128458597	0.38532735778204774	0.3497479338364247	0.363430507210262	0	0.924996476632464	0.9501939484844657	0.9309292558961791	0.9281439974222323	1.0	0.9096328128458597	0.8922120555860754	0.896648147028393	0.9096328128458598	0.8990271449975302	0.912011810814997	0.9249964766324638	0.8922120555860759	0.9096328128458597	0.9096328128458597	0.9221579166775813	0.9343338980874858	0.9249964766324638	0.924996476632464	0.924996476632464	0.6736126520767872	0.3222472654314891	0.9495060978203601	0.9003979726418077	0.7127609110313271	0.7975835392552157	0.33483923595865506	0.7598320346600197	0.9414775591501846	0.9185065391926793	0.9096328128458597	0.90963281284586	0.90963281284586	0.8922120555860759	0.9249964766324638	0.9383870863875905	0.9096328128458597	0.46054105978440385	0.44783624463158567	0.8922120555860759	0.9676684428518205	0.9096328128458597	0.9096328128458597	0.8922120555860759	0.9112871350327834	0.9676684428518205	0.9003979726418077	0.90963281284586	0.9648207628880118	0.9340318003849718	0.924996476632464	0.912011810814997	0.3451351028015536	0.44900783536825756	0.9249964766324638	0.9256553761397146	0.9351187201367015	0.9353710552439864	0.9523388599387111	0.9356213477090812	0.8909778213226218	0.9096328128458597	0.9249964766324638	0.9249964766324638	0.9249964766324636	0.9096328128458597	0.9331955986767269	0.9249964766324638	0.90963281284586	0.912011810814997	0.9122702628024716	0.9096328128458597	0.90963281284586	0.90963281284586	0.9096328128458597	0.9096328128458597	0.3656355113757474	0.9750772143532748	0.9234643793429667	0.9261650699328797	0.8922120555860759	0.924996476632464	0.9523047790652166	0.9173170949249799	0.9249964766324638	0.8922120555860759	0.8930364351962551	0.8966481470283932	0.9286804465155003	0.90963281284586	0.9249964766324638	0.90963281284586	0.8922120555860757	0.8922120555860756
SH0010	109274	0.7127028254568593	0.8818405376438404	0.8405921065264802	0.8593307404629382	0.8907131470292934	0.8805365673430513	0.924996476632464	0	0.8403735831921688	0.9462929196827832	0.9385296563143529	0.5175100374426745	0.8405921065264803	0.8905714580923096	0.8405921065264802	0.84059210652648	0.556061100468061	0.8405921065264802	0.3019982390867067	0.8895498506749856	0.895948583089377	0.8948774495242738	0.9194115428432058	0.9496975618740897	0.2937742284809568	0.6496073189229729	0.8405921065264803	0.767021175068778	0.8611085720284029	0.9495060978203601	0.8405921065264801	0.6101631725436636	0.7289717549357174	0.9003284196588079	0.8626393734518689	0.8364126482637568	0.9157601653583044	0.8405921065264802	0.8769507627056551	0.8749743371534608	0.8930938206156539	0.6023825849785974	0.4376015602537241	0.47745271093547836	0.8500029224651565	0.8462234208659606	0.8405921065264803	0.4892217379988237	0.8405921065264802	0.8405921065264802	0.8945398073842235	0.37373834045379095	0.5307433884172804	0.8405921065264803	0.84059210652648	0.5192573329323047	0.9223226546107222	0.17492999076818222	0.13260476570127064	0.8867463146443615	0.8428521683035557	0.10071973878944089	0.9378180598404957	0.9349005545697617	0.9339690912225804	0.9523388599387111	0.9509850114956847	0.9249115765462186	0.8405921065264802	0.5361177606948283	0.8526095497328915	0.7678612958977447	0.7599583333357218	0.8509515123200495	0.84059210652648	0.8405921065264802	0.7992378023800315	0.9095238889680964	0.8405921065264802	0.84059210652648	0.8923362382123096	0.882385923401352	0.8450499884289757	0.8806165049990186	0.8852199750626438	0.936688729425077	0.9415287337194838	0.8905405324587163	0.10093824775664165	0.9495584052308411	0.9370526424872476	0.8884683810377763	0.8981725874318971	0.8906266129284289	0.20026780393770555	0.9259340726811249	0.8573813986838856	0.8175165097341976	0.8405921065264803	0.876151451141275	0.8935473100436874
SH0011	109275	0.8403735831921689	0.9368906083428498	0.9501939484844659	0.9501939484844657	0.9501939484844659	0.9324336303358665	0.9501939484844657	0.8403735831921688	0	0.9517049111313205	0.9543976696469445	0.890179634707703	0.9501939484844657	0.9501939484844659	0.9501939484844659	0.9501939484844659	0.8403735831921691	0.9501939484844657	0.8403735831921689	0.9501939484844657	0.9501939484844657	0.9501939484844657	0.9501939484844657	0.9566018559111544	0.8403735831921687	0.8403735831921688	0.9501939484844659	0.8766230170267636	0.9362804069222668	0.9549651039467779	0.9501939484844659	0.8403735831921686	0.8431798442062817	0.9501939484844659	0.931321282308316	0.5985055653753216	0.9501939484844656	0.9501939484844657	0.9501939484844659	0.9501939484844657	0.9501939484844659	0.8403735831921687	0.8403735831921688	0.8403735831921688	0.9501939484844659	0.9501939484844657	0.9501939484844659	0.8687380859976319	0.9501939484844659	0.9501939484844659	0.9501939484844657	0.8403735831921688	0.868738085997632	0.9501939484844657	0.9501939484844657	0.8618151319022399	0.9501939484844659	0.8403735831921689	0.8403735831921689	0.9367218892114095	0.914834742995396	0.8403735831921689	0.951909048364427	0.9501939484844657	0.9501939484844657	0.9523388599387111	0.9593308047382223	0.953911622605306	0.9501939484844657	0.8403735831921688	0.9501939484844657	0.8774631378557302	0.8695601752937071	0.17186618013983213	0.9501939484844661	0.9501939484844659	0.9295167964112414	0.9501939484844657	0.9501939484844657	0.9501939484844657	0.9501939484844657	0.9501939484844659	0.9501939484844659	0.9314228981423108	0.6158957914054322	0.9501939484844657	0.9518621450557366	0.9501939484844661	0.8403735831921688	0.9785584512899288	0.9600897108144665	0.9501939484844657	0.9501939484844659	0.9331097427912307	0.8403735831921688	0.9549341187402124	0.923149235584868	0.9271183516921832	0.9501939484844659	0.9501939484844659	0.9501939484844661
SH0012	109276	0.9262774726057269	0.9299997220719611	0.9262774726057269	0.9262774726057269	0.9262774726057269	0.9304076082098667	0.9309292558961791	0.9462929196827832	0.9517049111313205	0	0.49149217632901526	1.0	0.9262774726057269	0.9262774726057269	0.9262774726057269	0.9262774726057269	0.9462929196827832	0.9462929196827832	0.9462929196827831	0.9262774726057267	0.9262774726057269	0.9262774726057267	0.9262774726057269	0.35520588487796056	0.9462929196827831	0.9462929196827831	0.9462929196827832	0.9262774726057267	0.9462929196827831	0.19208030045852129	0.9462929196827831	0.9262774726057269	0.9262774726057269	0.9297435241852554	0.9262774726057267	0.9469555761397556	0.9262774726057269	0.9262774726057269	0.9262774726057267	0.9262774726057267	0.9262774726057267	0.9462929196827831	0.9462929196827832	0.9262774726057267	0.9262774726057269	0.9291496066041344	0.9262774726057269	0.9731464598413915	0.9262774726057267	0.9262774726057269	0.9262774726057269	0.9262774726057267	0.9731464598413915	0.9462929196827832	0.9262774726057269	0.9731464598413915	0.3688187276673673	0.9462929196827831	0.9462929196827831	0.9462929196827834	0.9462929196827834	0.9462929196827832	0.3004185790527886	0.3343939755115008	0.23020420298532995	0.37809513064767925	0.4605652520817843	0.9284841840797126	0.9262774726057267	0.9462929196827832	0.9462929196827832	0.9462929196827831	0.9262774726057269	0.9336679533029318	0.9462929196827832	0.9262774726057269	0.9462929196827831	0.9262774726057269	0.9262774726057269	0.9262774726057267	0.9262774726057269	0.9262774726057269	0.9262774726057267	0.9330197826958514	0.975077214353275	0.4584881651822705	0.3677812683447177	0.9262774726057269	0.9462929196827832	0.9531310127643352	0.9346622722888729	0.9462929196827832	0.9262774726057269	0.9262774726057267	0.9262774726057267	0.929506680214619	0.926277472605727	0.9462929196827834	0.9262774726057269	0.9262774726057269	0.9262774726057269
SH0014	109278	0.9221156374055528	0.9222364587035307	0.9221156374055525	0.9221156374055525	0.9221156374055528	0.9226443448414364	0.9281439974222323	0.9385296563143529	0.9543976696469445	0.49149217632901526	0	1.0	0.9221156374055527	0.9221156374055527	0.9221156374055528	0.9221156374055528	0.9385296563143527	0.9385296563143527	0.9385296563143529	0.9221156374055527	0.9221156374055528	0.9221156374055527	0.9221156374055529	0.5777376717003283	0.9385296563143529	0.9385296563143527	0.9385296563143529	0.9221156374055528	0.9385296563143527	0.48089101219277225	0.9385296563143527	0.9221156374055529	0.9221156374055528	0.9221156374055528	0.9221156374055527	0.9385296563143529	0.9221156374055528	0.9221156374055529	0.9221156374055525	0.9221156374055527	0.9221156374055528	0.9385296563143529	0.9385296563143527	0.9221156374055529	0.9221156374055527	0.9221156374055527	0.9221156374055527	0.9626904379573372	0.9221156374055527	0.9221156374055529	0.9221156374055528	0.9221156374055527	0.9631371935252684	0.9385296563143527	0.9221156374055527	0.9758392183570158	0.5913564849566528	0.9385296563143527	0.9385296563143529	0.9385296563143527	0.9385296563143527	0.9385296563143526	0.5146310462128318	0.5427890731696295	0.5437743571514705	0.5156649553786752	0.5739958309108664	0.9221156374055528	0.9221156374055527	0.9385296563143529	0.9385296563143527	0.9385296563143529	0.9221156374055527	0.9321452435545309	0.9385296563143527	0.9221156374055528	0.9385296563143527	0.9221156374055527	0.9221156374055527	0.9221156374055528	0.9221156374055529	0.9221156374055527	0.9221156374055528	0.9252565193274209	0.975077214353275	0.5777811572378425	0.48448261138420196	0.922115637405553	0.9385296563143529	0.9462764190485372	0.9278076785730746	0.9385296563143529	0.9221156374055527	0.9221156374055527	0.9221156374055525	0.9226520864988208	0.9221156374055528	0.9385296563143529	0.9221156374055527	0.9221156374055528	0.9221156374055527
SH0015	109279	0.872110718930379	0.986696659858384	1.0	1.0	1.0	0.9822396818514008	1.0	0.5175100374426745	0.890179634707703	1.0	1.0	0	1.0	1.0	1.0	1.0	0.7504698448715164	1.0	0.5175100374426744	1.0	1.0	1.0	1.0	1.0	0.4854006690747464	0.8090152123964929	1.0	0.9264290685422977	0.9860864584378009	1.0	1.0	0.7249648963128231	0.8883796484092374	1.0	0.9811273338238503	0.904761166978163	1.0	1.0	1.0	1.0	1.0	0.7247577202992248	0.46017073102592715	0.6718614553389337	1.0	1.0	1.0	0.5396633327679822	1.0	1.0	1.0	0.5175100374426744	0.32430499263122176	1.0	1.0	0.28280038564643173	1.0	0.5068182216689306	0.4935625870122725	0.9865279407269436	0.9646407945109302	0.4854006690747465	1.0	1.0	1.0	1.0	1.0	1.0	1.0	0.7305265050982835	1.0	0.9272691893712643	0.9193662268092416	0.9023922498567188	1.0	1.0	0.9793228479267756	1.0	1.0	1.0	1.0	1.0	1.0	0.9812289496578449	0.9101427607093687	1.0	1.0	1.0	0.4854006690747465	1.0	1.0	1.0	1.0	0.9829157943067648	0.5195833939297307	1.0	0.9729552871004021	0.9769244032077171	1.0	1.0	1.0
SH0016	109280	0.7124807822614623	0.8788506801746342	0.6736827112872846	0.8331189366089854	0.8647652487582324	0.882411574018734	0.9096328128458597	0.8405921065264803	0.9501939484844657	0.9262774726057269	0.9221156374055527	1.0	0	0.5361395576221468	0.7488666650524842	0.686639253784415	0.7643146178524964	0.7683084917369704	0.8237264285347224	0.6580033762235016	0.6242197363837533	0.6673487997667437	0.820834594940494	0.924344269369244	0.8635775001555096	0.7968284838396815	0.7669231266053675	0.7834953850970642	0.8898963151798558	0.9495060978203601	0.7468885366705166	0.8614980526424916	0.7312250099530594	0.8837790241612802	0.7005978356592473	0.9316514812855937	0.7076825601920024	0.6985647147027219	0.6564700537840373	0.4745487130833306	0.5374527665256591	0.8779370503119726	0.9193717999435413	0.7826441779598259	0.8179354144661717	0.8262209761196929	0.46210745799487796	0.939387737381341	0.6524023289518923	0.5885983492810642	0.5321564749359693	0.8209167061958854	0.9631371935252683	0.7898431876804204	0.7233644615082835	0.9648207628880117	0.9223226546107222	0.8561037794193009	0.8411622700629396	0.9002183739174179	0.8711699796033876	0.8400264792168891	0.9200517912234943	0.9349005545697617	0.9339690912225804	0.9523388599387111	0.9299221800074727	0.8240861753980278	0.6413219468092287	0.7643779789480477	0.7141553066103757	0.7708170815400384	0.7398869691993982	0.9303882070710342	0.6587340537464209	0.656023792750195	0.6631941540821429	0.6612007025602226	0.6764404986029708	0.6773367709630912	0.6180492876997146	0.8619158763907601	0.7913143134445978	0.8861144183542418	0.9750772143532748	0.9148874364602855	0.9204234505161337	0.6743839914547591	0.840107189914294	0.5232284453057422	0.8667833908190974	0.6770995268621076	0.6934855922722628	0.6946573872239806	0.7893496808436851	0.8435328800804637	0.519651057736185	0.7452408602032544	0.6559967780482383	0.5248733939919237	0.6907777964887285
SH0017	109281	0.7905900565880277	0.8644886470942316	0.75179198561385	0.8398675028797806	0.8469226958136118	0.8736583924758222	0.8922120555860754	0.8905714580923096	0.9501939484844659	0.9262774726057269	0.9221156374055527	1.0	0.5361395576221468	0	0.82697593937905	0.7647485281109805	0.8624929136964511	0.8464177660635361	0.8931701517940556	0.5924572252922197	0.6002717745626674	0.6434008379456579	0.8213095495220374	0.9243442693692435	0.8922290749477954	0.874937758166247	0.8450324009319325	0.8233052429048952	0.9016596145056609	0.9495060978203599	0.8249978109970821	0.8736117762690064	0.8093342842796247	0.8837790241612802	0.5855225963018427	0.9316514812855939	0.7076825601920024	0.7766739890292873	0.670090749170692	0.5050447421685726	0.2113258063030808	0.8861470090028408	0.9193717999435413	0.8517748667693884	0.8585039500933249	0.8370760552297799	0.3289532883951031	0.939387737381341	0.7172159034130142	0.6667076236076298	0.21998524536414815	0.8209167061958855	0.9631371935252684	0.8630496395181623	0.8009396486189503	0.9648207628880118	0.9223226546107224	0.8915408382891205	0.891155218191694	0.8838738676394859	0.8603820302363347	0.8891808022245848	0.9200517912234942	0.9349005545697617	0.9339690912225804	0.9523388599387111	0.9299221800074727	0.802516336232128	0.7368445783695833	0.8651155243510755	0.752117214969794	0.8489263558666038	0.7999089730769938	0.9303882070710342	0.7368433280729862	0.7341330670767605	0.7320883299959057	0.6807748483931222	0.7320050700609011	0.7305979565597134	0.5941013258786288	0.8733832324951761	0.836835783107932	0.8720260995888387	0.975077214353275	0.9148874364602856	0.9204234505161337	0.5984822229604598	0.8890433780370058	0.5231258467415291	0.8672583454006412	0.6402374583548295	0.6363087325496507	0.6387478031882657	0.8373496593040445	0.8435328800804637	0.6026549098409297	0.8233501345298196	0.7341060523748034	0.2646142838558289	0.6305763437511291
SH0018	109282	0.7004418533890058	0.8558086191389848	0.47706777354909163	0.8053474473656657	0.8428352721331829	0.8389320592631461	0.896648147028393	0.8405921065264802	0.9501939484844659	0.9262774726057269	0.9221156374055528	1.0	0.7488666650524842	0.82697593937905	0	0.40169813921098585	0.7498678976283586	0.15684051600438886	0.8013376882824337	0.825954331961726	0.8323530643761171	0.8312819308110138	0.8614340261062112	0.9243442693692437	0.8635775001555096	0.7915986757139268	0.7561709758848626	0.7574360831036396	0.8543000851323641	0.9495060978203601	0.29588245084786124	0.8355357584879818	0.7008754921842496	0.8434467257157389	0.8179165209147587	0.9316514812855936	0.8521646466450445	0.743597671646969	0.8133552439923952	0.8113788184402011	0.8294983019023939	0.8779370503119724	0.9193717999435416	0.7826441779598259	0.7984109779543493	0.8262209761196928	0.7543101342398649	0.9393877373813407	0.7621623649179281	0.72650115538243	0.8309442886709634	0.8449452424851482	0.9631371935252686	0.3793051977939101	0.4865967270492754	0.9648207628880118	0.9223226546107224	0.8561037794193007	0.8151029680695152	0.8701066045468917	0.8480219459366501	0.8400264792168891	0.9200517912234942	0.9349005545697617	0.9339690912225804	0.9523388599387111	0.9299221800074727	0.8646856065637452	0.7265011553824302	0.7657045739543715	0.8186838515220642	0.7561709758848627	0.7275724902477618	0.9303882070710342	0.7561709758848624	0.72650115538243	0.7877515839677195	0.8459283702548362	0.7714113679211196	0.7265011553824301	0.8287407194990497	0.8619158763907601	0.7913143134445978	0.8515172985781222	0.9750772143532748	0.9148874364602856	0.9040753684434208	0.8269450137454565	0.8401071899142943	0.8859628865175815	0.907382821984815	0.8545426828269488	0.834577068718637	0.8441152999084043	0.765878330137391	0.8818121896454992	0.8208305928702233	0.33743495990038386	0.5003047895733994	0.8125559324280152	0.8299517913304275
SH0020	109284	0.5955526662495977	0.8788506801746343	0.2611941433687298	0.8053474473656658	0.8428352721331829	0.859946351091215	0.9096328128458598	0.84059210652648	0.9501939484844659	0.9262774726057269	0.9221156374055528	1.0	0.686639253784415	0.7647485281109805	0.40169813921098585	0	0.775375178818056	0.4560702907945272	0.8041631978293359	0.7637269206936564	0.7488929996389327	0.74364645634919	0.8458955132933353	0.9243442693692435	0.8635775001555096	0.7915986757139268	0.7129583701973462	0.7834953850970643	0.8759827736176569	0.9495060978203601	0.25624114844608503	0.8614980526424917	0.6594194441764961	0.8615756801698795	0.7671369913727728	0.9316514812855937	0.7958052492386122	0.6932957212972064	0.7511278327243257	0.7491514071721316	0.7672708906343249	0.8779370503119724	0.9193717999435413	0.7826441779598258	0.8004722275610464	0.8262209761196927	0.6920827229717957	0.9393877373813407	0.7055874864857015	0.5920109958319248	0.7687168774028942	0.8209167061958856	0.9631371935252684	0.5314939805155879	0.4584352026712369	0.9648207628880118	0.9223226546107222	0.8561037794193007	0.8411622700629395	0.8877456706570949	0.8711699796033876	0.8400264792168893	0.9200517912234941	0.9349005545697617	0.9339690912225803	0.9523388599387114	0.9299221800074731	0.849147093750869	0.6271109884877576	0.7657045739543716	0.7719949530668715	0.7413078294399165	0.7056307632862903	0.9303882070710342	0.6387253561129604	0.5880423555777828	0.7410626855125262	0.7837009589867671	0.7126708307801416	0.6782470612483388	0.7437439663491798	0.8619158763907601	0.7913143134445977	0.8683066364077738	0.9750772143532748	0.9148874364602856	0.9040753684434208	0.7647176024773868	0.8401071899142942	0.8237354752495121	0.8918443091719389	0.7843963320476041	0.7624392609852902	0.7818878886403346	0.7893496808436852	0.8662736768326229	0.7636977231394761	0.3770005856326127	0.26287445001593057	0.7503285211599459	0.7729034025739228
SH0021	109285	0.5115868724073974	0.8411967803467197	0.7753751788180562	0.8557942626234268	0.8731114507678219	0.8595222755149825	0.8990271449975302	0.556061100468061	0.8403735831921691	0.9462929196827832	0.9385296563143527	0.7504698448715164	0.7643146178524964	0.8624929136964511	0.7498678976283586	0.775375178818056	0	0.7503362344852628	0.5321522290500122	0.861471306279127	0.8678700386935183	0.8667989051284151	0.891332998447347	0.9496975618740898	0.5699205767032152	0.6006138881104197	0.7753751788180561	0.6028653130433022	0.8091028997185488	0.9495060978203599	0.7498678976283588	0.5889627155024624	0.5209998568121466	0.8656500697071395	0.8345608290560101	0.8068653465149018	0.8876816209624454	0.7791146459643699	0.8488722183097962	0.8468957927576021	0.865015276219795	0.602868141627028	0.6698416448150577	0.4533858692106795	0.8197989265545542	0.8433642891983416	0.7898271085572658	0.6898575822528573	0.797679339235329	0.7753751788180561	0.8664612629883646	0.6309320616740658	0.7136070383967847	0.7643359064907227	0.7849177265857841	0.7152906077595281	0.9223226546107224	0.571591485886394	0.4903151184186029	0.8522191284847431	0.8126627404475806	0.52467283752156	0.9378180598404955	0.9349005545697617	0.9339690912225804	0.9523388599387111	0.9509850114956847	0.8968330321503596	0.757961821584267	0.17191656049157736	0.8245310053370326	0.7026443681893204	0.6947414056272977	0.8229480352428001	0.7753751788180558	0.7753751788180561	0.7346427373747678	0.8814453445722377	0.8069283422385205	0.7753751788180561	0.8642576938164509	0.882385923401352	0.8179208540420724	0.8470378293397154	0.8615761445787028	0.936688729425077	0.9415287337194838	0.8624619880628578	0.5206523778880713	0.9214798608349826	0.9370526424872476	0.8603898366419173	0.8700940430360382	0.8625480685325699	0.48574899163853397	0.9114820101479316	0.8293028542880265	0.7522995820257734	0.775375178818056	0.8480729067454164	0.8654687656478284
SH0022	109286	0.7247283079507528	0.8721018167498067	0.5099308229326569	0.8280227733801071	0.8687831704042436	0.8660499821998219	0.912011810814997	0.8405921065264802	0.9501939484844657	0.9462929196827832	0.9385296563143527	1.0	0.7683084917369704	0.8464177660635361	0.15684051600438886	0.4560702907945272	0.7503362344852628	0	0.8013376882824336	0.8453961586462124	0.8517948910606036	0.8507237574955002	0.8911038466086438	0.9496975618740898	0.8635775001555096	0.7728069788890964	0.7287108510818022	0.7804339394483875	0.8543000851323642	0.9495060978203601	0.2965295713446767	0.860159331898047	0.724728307950753	0.8599961212132666	0.8373583475992451	0.9316514812855937	0.8716064733295307	0.7630394983314553	0.8327970706768814	0.8308206451246876	0.8489401285868804	0.8779370503119724	0.9193717999435416	0.8044563728210632	0.8197989265545544	0.8433642891983416	0.7737519609243515	0.939387737381341	0.7816041916024145	0.7497672522835462	0.8503861153554498	0.8643870691696347	0.9631371935252684	0.35830878427240637	0.49977763388161695	0.9648207628880118	0.9223226546107222	0.8561037794193007	0.8161233257301463	0.8701066045468915	0.8480219459366501	0.8400264792168891	0.9378180598404955	0.9349005545697617	0.9339690912225804	0.9523388599387111	0.9509850114956849	0.8943554270661778	0.7497672522835462	0.7684650105710858	0.8084558577041181	0.7522758420866141	0.7499442153830749	0.9485592624633308	0.7497672522835462	0.7497672522835462	0.7606423373243791	0.8653701969393228	0.790853194605606	0.749767252283546	0.8481825461835361	0.882385923401352	0.8179208540420726	0.8647904355650541	0.975077214353275	0.936688729425077	0.9251806516467707	0.8463868404299428	0.8401071899142942	0.9054047132020678	0.9370526424872474	0.8443146890090026	0.8540188954031234	0.8635571265928904	0.7965685083004548	0.9114820101479316	0.8402724195547098	0.3031608615655326	0.5410472788044353	0.8319977591125014	0.8493936180149136
SH0023	109287	0.7248766870056585	0.8818405376438404	0.825880578680492	0.8619294341646839	0.8922329947257793	0.8805365673430515	0.9249964766324638	0.3019982390867067	0.8403735831921689	0.9462929196827831	0.9385296563143529	0.5175100374426744	0.8237264285347224	0.8931701517940556	0.8013376882824337	0.8041631978293359	0.5321522290500122	0.8013376882824336	0	0.8921485443767315	0.8985472767911228	0.8974761432260195	0.9220102365449516	0.94969756187409	0.20979480396326194	0.6106628602354274	0.8527659680752796	0.7791950366175775	0.8611085720284031	0.9495060978203601	0.8013376882824335	0.6101631725436633	0.741145616484517	0.9003284196588079	0.8652380671536146	0.8364126482637568	0.9183588590600501	0.8527659680752794	0.8795494564074008	0.8775730308552065	0.8956925143173994	0.604981278680343	0.4402002539554699	0.38592926402923194	0.8527659680752795	0.8527659680752797	0.8527659680752797	0.4918204317005693	0.8527659680752797	0.8527659680752794	0.8971385010859689	0.3833527685155886	0.5307433884172804	0.8013376882824336	0.8258805786804921	0.5192573329323047	0.9223226546107224	0.33877735924100133	0.3347411894269865	0.8867463146443617	0.8454508620053014	0.31904577397458117	0.9378180598404955	0.9349005545697617	0.9339690912225804	0.9523388599387111	0.9509850114956847	0.9275102702479643	0.8353526108414903	0.5057846308027149	0.8552082434346374	0.7800351574465441	0.7721321948845212	0.8509515123200495	0.8527659680752797	0.8527659680752795	0.8114116639288307	0.9121225826698419	0.8527659680752797	0.8527659680752795	0.8949349319140553	0.882385923401352	0.8527659680752795	0.8806165049990186	0.8852199750626438	0.936688729425077	0.9251806516467708	0.893139226160462	0.3240875572712999	0.9521570989325872	0.9370526424872476	0.891067074739522	0.9007712811336427	0.8932253066301746	0.3546602529931846	0.9285327663828706	0.8599800923856312	0.7782620914901511	0.8258805786804921	0.8787501448430209	0.8961460037454332
SH0025	109289	0.7895684491707039	0.8634670396769079	0.7507703781965259	0.8388458954624568	0.8459855387453358	0.8726367850584986	0.8922120555860759	0.8895498506749856	0.9501939484844657	0.9262774726057267	0.9221156374055527	1.0	0.6580033762235016	0.5924572252922197	0.825954331961726	0.7637269206936564	0.861471306279127	0.8453961586462124	0.8921485443767315	0	0.3571655901272725	0.44377213122288994	0.8126947269187732	0.9243442693692439	0.8912074675304713	0.8739161507489233	0.8440107935146088	0.8222836354875717	0.900638007088337	0.9495060978203599	0.8239762035797583	0.8725901688516827	0.8083126768623009	0.8837790241612802	0.6686571856219192	0.9316514812855937	0.745186690504053	0.7756523816119635	0.6797716080380266	0.6049124127346284	0.6193342453087014	0.8851254015855169	0.9193717999435412	0.8507532593520647	0.8574823426760009	0.8538977737894691	0.6114927422497036	0.9393877373813407	0.7161942959956904	0.695470767056093	0.606369922504825	0.8209167061958853	0.9631371935252684	0.8620280321008382	0.7999180412016265	0.9648207628880118	0.9223226546107222	0.8905192308717967	0.89013361077437	0.8828522602221623	0.859360422819011	0.888159194807261	0.9200517912234942	0.9349005545697617	0.9339690912225802	0.9523388599387111	0.9299221800074727	0.7820884265157393	0.7358229709522596	0.8640939169337518	0.7510956075524703	0.84790474844928	0.7808000952107	0.9303882070710342	0.7374958090272842	0.7370864946173348	0.7587092741216824	0.6355643954238436	0.7401055737418802	0.7544244378723328	0.3277020826521808	0.8723616250778521	0.8358141756906081	0.8710044921715147	0.9750772143532748	0.9148874364602856	0.920423450516134	0.18613590478887504	0.8880217706196818	0.6811723723706153	0.8604574517393965	0.7818270329300978	0.7151378528751758	0.2501747289460669	0.8363280518867207	0.8276053583246586	0.6462613470484238	0.8223285271124958	0.73308444495748	0.6065911222117174	0.17730991639325394
SH0026	109290	0.7781037587824088	0.8901869598228659	0.7359364571418023	0.8697367792354241	0.8710795308235761	0.8915939588717945	0.9096328128458597	0.895948583089377	0.9501939484844657	0.9262774726057269	0.9221156374055528	1.0	0.6242197363837533	0.6002717745626674	0.8323530643761171	0.7488929996389327	0.8678700386935183	0.8517948910606036	0.8985472767911228	0.3571655901272725	0	0.4311131822114734	0.7817430816741909	0.9243442693692437	0.8976061999448626	0.8803148831633146	0.8504095259290001	0.8558342826390389	0.9070367395027282	0.9495060978203601	0.8303749359941494	0.8789889012660739	0.8147114092766923	0.8879737554241092	0.7150343791206056	0.9316514812855936	0.719011802839146	0.7820511140263545	0.6754678741677592	0.6166412656165279	0.6246264320558051	0.891524133999908	0.9193717999435413	0.8571519917664555	0.8464178881852668	0.8759461383431093	0.6203288989374754	0.939387737381341	0.7225930284100816	0.6756946118055773	0.6102161224833594	0.8209167061958854	0.9631371935252686	0.8684267645152295	0.8063167736160177	0.9648207628880118	0.9223226546107224	0.8969179632861878	0.8965323431887613	0.9089720680775673	0.8889071889001392	0.8945579272216521	0.9200517912234943	0.9349005545697617	0.9339690912225803	0.9523388599387114	0.9299221800074727	0.7731815750186	0.7248083461328614	0.8704926493481427	0.7574943399668613	0.8543034808636714	0.7871988276250911	0.9303882070710344	0.7422204530700537	0.739510192073828	0.738933118871167	0.6218603397926922	0.7373821950579684	0.7608231702867239	0.13080513701082425	0.8787603574922436	0.842212908104999	0.8941925624155576	0.9750772143532744	0.9148874364602856	0.920423450516134	0.3761099776573283	0.8944205030340731	0.6123508993061171	0.829505806494814	0.7620508776795821	0.7315827617377891	0.3605788327293792	0.8427267843011117	0.7973850105865224	0.6543751962739165	0.8287272595268871	0.7394831773718711	0.6154272788994891	0.3831790577421474
